-4.973299999999999841e+02
-5.000000000000000000e+02
-5.000000000000000000e+02
-4.996000000000000227e+02
-4.973600000000000136e+02
-4.981000000000000227e+02
-4.954800000000000182e+02
-4.554200000000000159e+02
-4.293299999999999841e+02
-4.391299999999999955e+02
-3.975500000000000114e+02
-5.000000000000000000e+02
-4.293700000000000045e+02
-4.800799999999999841e+02
-1.832100000000000080e+02
-1.857299999999999898e+02
-3.657400000000000091e+02
-3.201800000000000068e+02
-2.915600000000000023e+02
-1.751100000000000136e+02
