-5.000000000000000000e+02
-5.000000000000000000e+02
-2.799399999999999977e+02
-5.000000000000000000e+02
-5.000000000000000000e+02
-5.000000000000000000e+02
-4.841499999999999773e+02
-5.000000000000000000e+02
-5.000000000000000000e+02
-4.753999999999999773e+02
-5.000000000000000000e+02
-5.000000000000000000e+02
-2.636700000000000159e+02
-4.758000000000000114e+02
-3.289499999999999886e+02
-1.076400000000000006e+02
-3.620099999999999909e+02
-5.000000000000000000e+02
-5.000000000000000000e+02
-1.516500000000000057e+02
