-4.965400000000000205e+02
-5.000000000000000000e+02
-4.985400000000000205e+02
-4.920199999999999818e+02
-4.995500000000000114e+02
-5.000000000000000000e+02
-5.000000000000000000e+02
-5.000000000000000000e+02
-5.000000000000000000e+02
-5.000000000000000000e+02
-5.000000000000000000e+02
-4.613899999999999864e+02
-5.000000000000000000e+02
-4.135199999999999818e+02
-4.986100000000000136e+02
-3.128600000000000136e+02
-4.023199999999999932e+02
-3.850699999999999932e+02
-4.772599999999999909e+02
-2.380600000000000023e+02
