-4.991499999999999773e+02
-5.000000000000000000e+02
-1.708499999999999943e+02
-4.881999999999999886e+02
-3.458600000000000136e+02
-1.691599999999999966e+02
-1.301299999999999955e+02
-5.000000000000000000e+02
-5.000000000000000000e+02
-4.865400000000000205e+02
-5.000000000000000000e+02
-4.537300000000000182e+02
-2.835400000000000205e+02
-1.147900000000000063e+02
-1.182600000000000051e+02
-1.300099999999999909e+02
-4.202599999999999909e+02
-2.359699999999999989e+02
-2.113499999999999943e+02
-4.673299999999999841e+02
