-5.000000000000000000e+02
-4.992200000000000273e+02
-4.973100000000000023e+02
-5.000000000000000000e+02
-5.000000000000000000e+02
-5.000000000000000000e+02
-4.996600000000000250e+02
-5.000000000000000000e+02
-5.000000000000000000e+02
-5.000000000000000000e+02
-4.965199999999999818e+02
-4.953700000000000045e+02
-4.806600000000000250e+02
-2.472599999999999909e+02
-3.796200000000000045e+02
-4.761200000000000045e+02
-2.751000000000000227e+02
-4.204800000000000182e+02
-2.173400000000000034e+02
-4.500199999999999818e+02
