-4.965400000000000205e+02
-5.000000000000000000e+02
-5.000000000000000000e+02
-4.991499999999999773e+02
-4.986700000000000159e+02
-4.961700000000000159e+02
-5.000000000000000000e+02
-4.922900000000000205e+02
-4.986499999999999773e+02
-4.938999999999999773e+02
-4.924300000000000068e+02
-4.972599999999999909e+02
-4.913999999999999773e+02
-4.864800000000000182e+02
-4.134499999999999886e+02
-4.241499999999999773e+02
-3.788999999999999773e+02
-2.616600000000000250e+02
-3.384700000000000273e+02
-2.964900000000000091e+02
