-5.000000000000000000e+02
-5.000000000000000000e+02
-5.000000000000000000e+02
-4.998999999999999773e+02
-5.000000000000000000e+02
-4.494800000000000182e+02
-2.413400000000000034e+02
-4.971499999999999773e+02
-3.412300000000000182e+02
-4.991100000000000136e+02
-4.753600000000000136e+02
-4.348100000000000023e+02
-4.268299999999999841e+02
-3.764700000000000273e+02
-4.104499999999999886e+02
-4.985600000000000023e+02
-4.016000000000000227e+02
-2.658999999999999773e+02
-4.854599999999999795e+02
-2.582799999999999727e+02
