-4.991499999999999773e+02
-5.000000000000000000e+02
-5.000000000000000000e+02
-5.000000000000000000e+02
-5.000000000000000000e+02
-4.994900000000000091e+02
-4.985600000000000023e+02
-4.905600000000000023e+02
-4.996399999999999864e+02
-4.563399999999999750e+02
-4.966999999999999886e+02
-3.315299999999999727e+02
-5.000000000000000000e+02
-5.000000000000000000e+02
-2.586000000000000227e+02
-4.900799999999999841e+02
-4.030299999999999727e+02
-1.936399999999999864e+02
-2.421500000000000057e+02
-4.486600000000000250e+02
