-4.991499999999999773e+02
-4.987599999999999909e+02
-4.984700000000000273e+02
-5.000000000000000000e+02
-5.000000000000000000e+02
-4.923700000000000045e+02
-5.000000000000000000e+02
-5.000000000000000000e+02
-5.000000000000000000e+02
-5.000000000000000000e+02
-4.976600000000000250e+02
-3.898999999999999773e+02
-3.850099999999999909e+02
-4.975199999999999818e+02
-3.831299999999999955e+02
-4.158299999999999841e+02
-4.690099999999999909e+02
-2.100200000000000102e+02
-3.663000000000000114e+02
-4.474900000000000091e+02
