-4.973299999999999841e+02
-4.923899999999999864e+02
-5.000000000000000000e+02
-5.000000000000000000e+02
-4.881899999999999977e+02
-4.988999999999999773e+02
-4.323899999999999864e+02
-5.000000000000000000e+02
-4.454900000000000091e+02
-2.021999999999999886e+02
-4.431600000000000250e+02
-3.391000000000000227e+02
-2.464199999999999875e+02
-2.822200000000000273e+02
-2.774800000000000182e+02
-2.444000000000000057e+02
-3.166100000000000136e+02
-1.691899999999999977e+02
-3.960199999999999818e+02
-2.124199999999999875e+02
