-5.000000000000000000e+02
-5.000000000000000000e+02
-4.999700000000000273e+02
-5.000000000000000000e+02
-5.000000000000000000e+02
-5.000000000000000000e+02
-5.000000000000000000e+02
-5.000000000000000000e+02
-5.000000000000000000e+02
-4.972900000000000205e+02
-4.995699999999999932e+02
-5.000000000000000000e+02
-4.676200000000000045e+02
-4.364100000000000250e+02
-1.962100000000000080e+02
-3.228100000000000023e+02
-3.360699999999999932e+02
-3.370699999999999932e+02
-3.897799999999999727e+02
-4.359100000000000250e+02
