-5.000000000000000000e+02
-5.000000000000000000e+02
-5.000000000000000000e+02
-5.000000000000000000e+02
-5.000000000000000000e+02
-4.992799999999999727e+02
-4.275899999999999750e+02
-3.769599999999999795e+02
-4.963600000000000136e+02
-4.939100000000000250e+02
-2.571399999999999864e+02
-4.578399999999999750e+02
-4.539900000000000091e+02
-4.786999999999999886e+02
-2.520699999999999932e+02
-2.018100000000000023e+02
-2.016899999999999977e+02
-2.613100000000000023e+02
-4.999300000000000068e+02
-5.000000000000000000e+02
