-5.000000000000000000e+02
-4.927099999999999795e+02
-4.918600000000000136e+02
-5.000000000000000000e+02
-5.000000000000000000e+02
-4.837599999999999909e+02
-5.000000000000000000e+02
-5.000000000000000000e+02
-5.000000000000000000e+02
-2.938100000000000023e+02
-4.996499999999999773e+02
-4.291100000000000136e+02
-4.586399999999999864e+02
-4.961399999999999864e+02
-3.709300000000000068e+02
-3.770899999999999750e+02
-5.000000000000000000e+02
-4.015199999999999818e+02
-2.622099999999999795e+02
-4.946800000000000068e+02
