-5.000000000000000000e+02
-5.000000000000000000e+02
-5.000000000000000000e+02
-4.940400000000000205e+02
-4.827599999999999909e+02
-4.926200000000000045e+02
-4.911499999999999773e+02
-5.000000000000000000e+02
-3.834700000000000273e+02
-4.629599999999999795e+02
-4.953500000000000227e+02
-2.817400000000000091e+02
-4.698899999999999864e+02
-3.819900000000000091e+02
-3.990400000000000205e+02
-4.710099999999999909e+02
-2.377400000000000091e+02
-2.169799999999999898e+02
-3.028299999999999841e+02
-2.256999999999999886e+02
