-4.983799999999999955e+02
-5.000000000000000000e+02
-4.791399999999999864e+02
-5.000000000000000000e+02
-5.000000000000000000e+02
-5.000000000000000000e+02
-5.000000000000000000e+02
-4.837500000000000000e+02
-4.413999999999999773e+02
-4.399300000000000068e+02
-4.470899999999999750e+02
-4.812699999999999818e+02
-1.600600000000000023e+02
-4.166899999999999977e+02
-3.148000000000000114e+02
-3.687099999999999795e+02
-5.000000000000000000e+02
-2.329600000000000080e+02
-2.896999999999999886e+02
-2.231899999999999977e+02
