-5.000000000000000000e+02
-4.980600000000000023e+02
-4.885799999999999841e+02
-5.000000000000000000e+02
-4.960000000000000000e+02
-5.000000000000000000e+02
-4.927300000000000182e+02
-5.000000000000000000e+02
-4.896000000000000227e+02
-4.457200000000000273e+02
-4.928500000000000227e+02
-4.937400000000000091e+02
-2.855199999999999818e+02
-4.731499999999999773e+02
-2.297700000000000102e+02
-4.272300000000000182e+02
-2.375099999999999909e+02
-5.000000000000000000e+02
-2.142100000000000080e+02
-1.559399999999999977e+02
