-4.867599999999999909e+02
-5.000000000000000000e+02
-4.949599999999999795e+02
-4.983500000000000227e+02
-4.983700000000000045e+02
-4.967699999999999818e+02
-4.310699999999999932e+02
-3.854900000000000091e+02
-3.966100000000000136e+02
-4.248799999999999955e+02
-2.647900000000000205e+02
-3.021200000000000045e+02
-1.889900000000000091e+02
-2.961800000000000068e+02
-1.733199999999999932e+02
-1.656699999999999875e+02
-1.495999999999999943e+02
-1.235499999999999972e+02
-1.264699999999999989e+02
-1.313899999999999864e+02
