-5.000000000000000000e+02
-4.729800000000000182e+02
-5.000000000000000000e+02
-5.000000000000000000e+02
-4.867900000000000205e+02
-4.525500000000000114e+02
-4.838399999999999750e+02
-4.456299999999999955e+02
-4.931600000000000250e+02
-4.939599999999999795e+02
-4.292200000000000273e+02
-3.543700000000000045e+02
-5.000000000000000000e+02
-2.037899999999999920e+02
-3.975699999999999932e+02
-2.068799999999999955e+02
-4.892200000000000273e+02
-1.216500000000000057e+02
-3.261499999999999773e+02
-3.982300000000000182e+02
