-5.000000000000000000e+02
-5.000000000000000000e+02
-4.972400000000000091e+02
-4.995000000000000000e+02
-5.000000000000000000e+02
-5.000000000000000000e+02
-5.000000000000000000e+02
-4.576399999999999864e+02
-5.000000000000000000e+02
-4.546600000000000250e+02
-2.744700000000000273e+02
-4.437900000000000205e+02
-4.025299999999999727e+02
-4.972599999999999909e+02
-2.108199999999999932e+02
-2.595299999999999727e+02
-3.581899999999999977e+02
-2.848700000000000045e+02
-3.657400000000000091e+02
-4.680099999999999909e+02
