-5.000000000000000000e+02
-5.000000000000000000e+02
-5.000000000000000000e+02
-5.000000000000000000e+02
-5.000000000000000000e+02
-5.000000000000000000e+02
-5.000000000000000000e+02
-5.000000000000000000e+02
-5.000000000000000000e+02
-5.000000000000000000e+02
-4.830199999999999818e+02
-5.000000000000000000e+02
-4.286800000000000068e+02
-2.172700000000000102e+02
-1.179500000000000028e+02
-2.323000000000000114e+02
-4.930199999999999818e+02
-4.868100000000000023e+02
-2.175300000000000011e+02
-3.706000000000000227e+02
