-5.000000000000000000e+02
-5.000000000000000000e+02
-4.976899999999999977e+02
-5.000000000000000000e+02
-4.475899999999999750e+02
-4.783799999999999955e+02
-5.000000000000000000e+02
-4.739499999999999886e+02
-3.125000000000000000e+02
-3.808100000000000023e+02
-4.895600000000000023e+02
-4.063799999999999955e+02
-2.552599999999999909e+02
-5.000000000000000000e+02
-3.249300000000000068e+02
-4.297400000000000091e+02
-2.685199999999999818e+02
-2.648399999999999750e+02
-2.435099999999999909e+02
-5.000000000000000000e+02
