-5.000000000000000000e+02
-4.661899999999999977e+02
-4.895600000000000023e+02
-4.531499999999999773e+02
-3.799800000000000182e+02
-5.000000000000000000e+02
-4.967200000000000273e+02
-4.986399999999999864e+02
-4.988700000000000045e+02
-5.000000000000000000e+02
-3.764300000000000068e+02
-2.548199999999999932e+02
-4.402300000000000182e+02
-4.638500000000000227e+02
-4.109499999999999886e+02
-2.912799999999999727e+02
-2.464000000000000057e+02
-2.648299999999999841e+02
-2.705500000000000114e+02
-4.290000000000000000e+02
