-4.850299999999999727e+02
-4.988700000000000045e+02
-5.000000000000000000e+02
-5.000000000000000000e+02
-4.901999999999999886e+02
-5.000000000000000000e+02
-5.000000000000000000e+02
-5.000000000000000000e+02
-5.000000000000000000e+02
-5.000000000000000000e+02
-4.775299999999999727e+02
-5.000000000000000000e+02
-4.902699999999999818e+02
-5.000000000000000000e+02
-4.225400000000000205e+02
-4.950299999999999727e+02
-4.528899999999999864e+02
-4.986700000000000159e+02
-3.463999999999999773e+02
-1.880699999999999932e+02
