-4.892200000000000273e+02
-4.464900000000000091e+02
-5.000000000000000000e+02
-5.000000000000000000e+02
-4.996100000000000136e+02
-5.000000000000000000e+02
-4.999800000000000182e+02
-4.762099999999999795e+02
-4.991600000000000250e+02
-4.950500000000000114e+02
-4.835799999999999841e+02
-5.000000000000000000e+02
-4.545199999999999818e+02
-4.910699999999999932e+02
-2.395600000000000023e+02
-4.278199999999999932e+02
-3.995400000000000205e+02
-5.000000000000000000e+02
-1.947299999999999898e+02
-3.388600000000000136e+02
