-5.000000000000000000e+02
-5.000000000000000000e+02
-5.000000000000000000e+02
-4.938399999999999750e+02
-4.993899999999999864e+02
-4.994399999999999977e+02
-4.917799999999999727e+02
-4.827799999999999727e+02
-5.000000000000000000e+02
-4.641100000000000136e+02
-3.965000000000000000e+02
-4.014700000000000273e+02
-2.899900000000000091e+02
-4.959399999999999977e+02
-2.741600000000000250e+02
-3.857099999999999795e+02
-2.522700000000000102e+02
-3.521999999999999886e+02
-2.200500000000000114e+02
-3.835199999999999818e+02
