-4.980199999999999818e+02
-5.000000000000000000e+02
-5.000000000000000000e+02
-5.000000000000000000e+02
-5.000000000000000000e+02
-4.993799999999999955e+02
-4.958100000000000023e+02
-4.903899999999999864e+02
-4.691600000000000250e+02
-3.573199999999999932e+02
-4.981200000000000045e+02
-3.060699999999999932e+02
-3.252799999999999727e+02
-4.999399999999999977e+02
-3.473399999999999750e+02
-4.940899999999999750e+02
-3.111499999999999773e+02
-4.264200000000000159e+02
-3.572200000000000273e+02
-3.210799999999999841e+02
