-4.991499999999999773e+02
-5.000000000000000000e+02
-5.000000000000000000e+02
-4.978000000000000114e+02
-5.000000000000000000e+02
-4.987799999999999727e+02
-5.000000000000000000e+02
-5.000000000000000000e+02
-4.971299999999999955e+02
-5.000000000000000000e+02
-4.713299999999999841e+02
-4.614399999999999977e+02
-4.634300000000000068e+02
-3.147599999999999909e+02
-3.694599999999999795e+02
-4.239200000000000159e+02
-3.383799999999999955e+02
-2.257599999999999909e+02
-2.830500000000000114e+02
-3.629100000000000250e+02
