-5.000000000000000000e+02
-4.180400000000000205e+02
-2.246399999999999864e+02
-1.707899999999999920e+02
-1.496899999999999977e+02
-1.358499999999999943e+02
-1.383499999999999943e+02
-2.364499999999999886e+02
-3.995099999999999909e+02
-2.897799999999999727e+02
-1.840999999999999943e+02
-2.905099999999999909e+02
-2.364699999999999989e+02
-3.604499999999999886e+02
-4.975299999999999727e+02
-2.120200000000000102e+02
-2.771700000000000159e+02
-1.594300000000000068e+02
-2.899800000000000182e+02
-2.155699999999999932e+02
