-5.000000000000000000e+02
-5.000000000000000000e+02
-5.000000000000000000e+02
-5.000000000000000000e+02
-4.962400000000000091e+02
-4.987400000000000091e+02
-4.854700000000000273e+02
-4.944800000000000182e+02
-4.951000000000000227e+02
-4.850600000000000023e+02
-4.638500000000000227e+02
-4.534399999999999977e+02
-2.451699999999999875e+02
-2.056699999999999875e+02
-3.228399999999999750e+02
-4.837699999999999818e+02
-1.831100000000000136e+02
-4.809200000000000159e+02
-4.919800000000000182e+02
-2.871999999999999886e+02
