-5.000000000000000000e+02
-4.994700000000000273e+02
-5.000000000000000000e+02
-5.000000000000000000e+02
-5.000000000000000000e+02
-4.770799999999999841e+02
-5.000000000000000000e+02
-4.005299999999999727e+02
-4.908999999999999773e+02
-4.906499999999999773e+02
-1.767800000000000011e+02
-4.686800000000000068e+02
-3.871299999999999955e+02
-3.364100000000000250e+02
-4.337300000000000182e+02
-3.320000000000000000e+02
-3.688199999999999932e+02
-2.213600000000000136e+02
-4.796200000000000045e+02
-5.000000000000000000e+02
