-4.850299999999999727e+02
-4.986800000000000068e+02
-5.000000000000000000e+02
-4.972699999999999818e+02
-5.000000000000000000e+02
-4.986200000000000045e+02
-4.931299999999999955e+02
-4.846499999999999773e+02
-4.858999999999999773e+02
-4.302400000000000091e+02
-5.000000000000000000e+02
-3.757200000000000273e+02
-4.598000000000000114e+02
-3.180400000000000205e+02
-3.557200000000000273e+02
-4.892300000000000182e+02
-2.201999999999999886e+02
-3.117300000000000182e+02
-1.444600000000000080e+02
-2.308000000000000114e+02
