-4.892200000000000273e+02
-4.982799999999999727e+02
-5.000000000000000000e+02
-4.991899999999999977e+02
-4.524599999999999795e+02
-5.000000000000000000e+02
-5.000000000000000000e+02
-5.000000000000000000e+02
-5.000000000000000000e+02
-4.986499999999999773e+02
-4.150799999999999841e+02
-5.000000000000000000e+02
-5.000000000000000000e+02
-5.000000000000000000e+02
-5.000000000000000000e+02
-4.991000000000000227e+02
-4.992500000000000000e+02
-3.204399999999999977e+02
-3.014900000000000091e+02
-5.000000000000000000e+02
