-4.850299999999999727e+02
-5.000000000000000000e+02
-4.999599999999999795e+02
-4.994399999999999977e+02
-5.000000000000000000e+02
-4.992500000000000000e+02
-4.954100000000000250e+02
-4.940699999999999932e+02
-4.848700000000000045e+02
-4.985199999999999818e+02
-4.977599999999999909e+02
-4.573500000000000227e+02
-4.526100000000000136e+02
-4.408999999999999773e+02
-4.492300000000000182e+02
-4.197699999999999818e+02
-3.179300000000000068e+02
-2.832200000000000273e+02
-3.233199999999999932e+02
-2.449499999999999886e+02
