-5.000000000000000000e+02
-5.000000000000000000e+02
-4.963799999999999955e+02
-5.000000000000000000e+02
-5.000000000000000000e+02
-4.211700000000000159e+02
-5.000000000000000000e+02
-4.678600000000000136e+02
-4.822400000000000091e+02
-3.738899999999999864e+02
-4.769700000000000273e+02
-4.724599999999999795e+02
-5.000000000000000000e+02
-3.167099999999999795e+02
-4.316399999999999864e+02
-3.483399999999999750e+02
-4.973899999999999864e+02
-4.792500000000000000e+02
-2.240999999999999943e+02
-4.700400000000000205e+02
