-5.000000000000000000e+02
-4.991800000000000068e+02
-5.000000000000000000e+02
-5.000000000000000000e+02
-5.000000000000000000e+02
-4.986600000000000250e+02
-4.982300000000000182e+02
-4.976000000000000227e+02
-4.336700000000000159e+02
-4.333799999999999955e+02
-5.000000000000000000e+02
-4.428500000000000227e+02
-4.999100000000000250e+02
-3.170799999999999841e+02
-2.520699999999999932e+02
-4.790199999999999818e+02
-4.991100000000000136e+02
-2.135900000000000034e+02
-2.158799999999999955e+02
-3.898399999999999750e+02
