-5.000000000000000000e+02
-5.000000000000000000e+02
-5.000000000000000000e+02
-5.000000000000000000e+02
-2.256699999999999875e+02
-5.000000000000000000e+02
-4.877900000000000205e+02
-5.000000000000000000e+02
-5.000000000000000000e+02
-5.000000000000000000e+02
-4.990400000000000205e+02
-5.000000000000000000e+02
-3.141700000000000159e+02
-1.379600000000000080e+02
-1.089599999999999937e+02
-2.510000000000000000e+02
-1.503600000000000136e+02
-2.014600000000000080e+02
-3.097699999999999818e+02
-1.618700000000000045e+02
