-5.000000000000000000e+02
-5.000000000000000000e+02
-4.883000000000000114e+02
-4.983600000000000136e+02
-4.972300000000000182e+02
-4.962599999999999909e+02
-4.992900000000000205e+02
-4.930699999999999932e+02
-4.282900000000000205e+02
-4.392200000000000273e+02
-4.808299999999999841e+02
-2.090099999999999909e+02
-4.756899999999999977e+02
-5.000000000000000000e+02
-1.987899999999999920e+02
-1.775999999999999943e+02
-4.980299999999999727e+02
-2.255099999999999909e+02
-4.939599999999999795e+02
-3.763000000000000114e+02
