-5.000000000000000000e+02
-5.000000000000000000e+02
-5.000000000000000000e+02
-5.000000000000000000e+02
-5.000000000000000000e+02
-4.978199999999999932e+02
-5.000000000000000000e+02
-4.957200000000000273e+02
-4.973799999999999955e+02
-4.615899999999999750e+02
-4.693999999999999773e+02
-4.910899999999999750e+02
-1.917299999999999898e+02
-2.531699999999999875e+02
-4.572099999999999795e+02
-4.873999999999999773e+02
-2.271999999999999886e+02
-3.012699999999999818e+02
-2.445699999999999932e+02
-4.937200000000000273e+02
