-4.940899999999999750e+02
-4.994200000000000159e+02
-4.983999999999999773e+02
-5.000000000000000000e+02
-5.000000000000000000e+02
-4.999100000000000250e+02
-4.977599999999999909e+02
-4.843399999999999750e+02
-4.856000000000000227e+02
-4.860600000000000023e+02
-4.708500000000000227e+02
-3.351800000000000068e+02
-4.724100000000000250e+02
-3.185500000000000114e+02
-4.201800000000000068e+02
-4.053899999999999864e+02
-4.513600000000000136e+02
-3.865099999999999909e+02
-2.113700000000000045e+02
-3.464900000000000091e+02
