-5.000000000000000000e+02
-4.956000000000000227e+02
-4.954599999999999795e+02
-3.747699999999999818e+02
-4.918899999999999864e+02
-4.717400000000000091e+02
-4.960600000000000023e+02
-4.418700000000000045e+02
-4.463700000000000045e+02
-3.917400000000000091e+02
-4.865400000000000205e+02
-3.013199999999999932e+02
-3.515600000000000023e+02
-2.073199999999999932e+02
-5.000000000000000000e+02
-1.567500000000000000e+02
-2.252299999999999898e+02
-4.637500000000000000e+02
-1.513400000000000034e+02
-3.471499999999999773e+02
