-5.000000000000000000e+02
-4.991100000000000136e+02
-4.975500000000000114e+02
-5.000000000000000000e+02
-4.968700000000000045e+02
-5.000000000000000000e+02
-5.000000000000000000e+02
-5.000000000000000000e+02
-4.931499999999999773e+02
-5.000000000000000000e+02
-3.389900000000000091e+02
-3.901100000000000136e+02
-2.951299999999999955e+02
-3.769399999999999977e+02
-4.434200000000000159e+02
-5.000000000000000000e+02
-4.849300000000000068e+02
-5.000000000000000000e+02
-4.314499999999999886e+02
-2.337800000000000011e+02
