-5.000000000000000000e+02
-5.000000000000000000e+02
-4.907599999999999909e+02
-4.997500000000000000e+02
-5.000000000000000000e+02
-5.000000000000000000e+02
-4.950400000000000205e+02
-4.924399999999999977e+02
-5.000000000000000000e+02
-2.335000000000000000e+02
-4.587099999999999795e+02
-2.925899999999999750e+02
-2.482500000000000000e+02
-4.746800000000000068e+02
-4.737799999999999727e+02
-2.312899999999999920e+02
-4.045199999999999818e+02
-2.500999999999999943e+02
-1.825300000000000011e+02
-4.701700000000000159e+02
