-4.991499999999999773e+02
-4.981000000000000227e+02
-5.000000000000000000e+02
-5.000000000000000000e+02
-4.986299999999999955e+02
-5.000000000000000000e+02
-5.000000000000000000e+02
-5.000000000000000000e+02
-4.959499999999999886e+02
-4.965299999999999727e+02
-4.885299999999999727e+02
-3.202799999999999727e+02
-5.000000000000000000e+02
-4.879800000000000182e+02
-4.848199999999999932e+02
-5.000000000000000000e+02
-4.447200000000000273e+02
-4.054900000000000091e+02
-4.596399999999999864e+02
-2.225699999999999932e+02
