-4.977900000000000205e+02
-5.000000000000000000e+02
-4.970000000000000000e+02
-4.862599999999999909e+02
-4.987200000000000273e+02
-4.962500000000000000e+02
-4.906600000000000250e+02
-5.000000000000000000e+02
-5.000000000000000000e+02
-4.979900000000000091e+02
-4.190699999999999932e+02
-3.496100000000000136e+02
-1.887299999999999898e+02
-3.063500000000000227e+02
-3.708899999999999864e+02
-4.926800000000000068e+02
-1.276299999999999955e+02
-2.651700000000000159e+02
-4.998899999999999864e+02
-2.209399999999999977e+02
