-4.902200000000000273e+02
-4.965699999999999932e+02
-5.000000000000000000e+02
-5.000000000000000000e+02
-5.000000000000000000e+02
-4.900299999999999727e+02
-4.993500000000000227e+02
-4.917900000000000205e+02
-4.389800000000000182e+02
-2.953999999999999773e+02
-4.067099999999999795e+02
-2.043899999999999864e+02
-5.000000000000000000e+02
-1.293300000000000125e+02
-4.261000000000000227e+02
-1.813799999999999955e+02
-2.051599999999999966e+02
-1.500000000000000000e+02
-1.597599999999999909e+02
-2.056200000000000045e+02
