-5.000000000000000000e+02
-4.982500000000000000e+02
-4.868799999999999955e+02
-4.981899999999999977e+02
-4.899300000000000068e+02
-4.988700000000000045e+02
-4.967900000000000205e+02
-4.863199999999999932e+02
-4.969700000000000273e+02
-5.000000000000000000e+02
-5.000000000000000000e+02
-4.889399999999999977e+02
-4.268399999999999750e+02
-4.588299999999999841e+02
-4.240799999999999841e+02
-4.007900000000000205e+02
-4.173999999999999773e+02
-4.297400000000000091e+02
-4.731200000000000045e+02
-4.226700000000000159e+02
