-5.000000000000000000e+02
-5.000000000000000000e+02
-4.517500000000000000e+02
-5.000000000000000000e+02
-4.753199999999999932e+02
-5.000000000000000000e+02
-5.000000000000000000e+02
-3.928999999999999773e+02
-5.000000000000000000e+02
-5.000000000000000000e+02
-4.773399999999999750e+02
-5.000000000000000000e+02
-5.000000000000000000e+02
-4.840299999999999727e+02
-5.000000000000000000e+02
-5.000000000000000000e+02
-4.881000000000000227e+02
-5.000000000000000000e+02
-4.628199999999999932e+02
-5.000000000000000000e+02
