-5.000000000000000000e+02
-5.000000000000000000e+02
-5.000000000000000000e+02
-4.919700000000000273e+02
-4.835500000000000114e+02
-4.846299999999999955e+02
-3.303700000000000045e+02
-3.820099999999999909e+02
-4.946899999999999977e+02
-4.743700000000000045e+02
-4.338799999999999955e+02
-4.327099999999999795e+02
-2.704300000000000068e+02
-2.753999999999999773e+02
-5.000000000000000000e+02
-4.985299999999999727e+02
-1.823199999999999932e+02
-2.160500000000000114e+02
-3.347099999999999795e+02
-4.888899999999999864e+02
