-5.000000000000000000e+02
-5.000000000000000000e+02
-5.000000000000000000e+02
-5.000000000000000000e+02
-5.000000000000000000e+02
-5.000000000000000000e+02
-4.986000000000000227e+02
-5.000000000000000000e+02
-5.000000000000000000e+02
-5.000000000000000000e+02
-4.953000000000000114e+02
-4.754900000000000091e+02
-2.890600000000000023e+02
-5.000000000000000000e+02
-1.873100000000000023e+02
-3.840400000000000205e+02
-4.999499999999999886e+02
-3.465600000000000023e+02
-5.000000000000000000e+02
-1.952299999999999898e+02
