-5.000000000000000000e+02
-4.961399999999999864e+02
-5.000000000000000000e+02
-5.000000000000000000e+02
-4.998500000000000227e+02
-4.887599999999999909e+02
-5.000000000000000000e+02
-4.490600000000000023e+02
-4.461700000000000159e+02
-4.896899999999999977e+02
-4.068399999999999750e+02
-2.760099999999999909e+02
-4.244399999999999977e+02
-4.043399999999999750e+02
-4.632799999999999727e+02
-1.949099999999999966e+02
-2.752599999999999909e+02
-4.774399999999999977e+02
-3.521499999999999773e+02
-4.498500000000000227e+02
