-5.000000000000000000e+02
-5.000000000000000000e+02
-5.000000000000000000e+02
-5.000000000000000000e+02
-4.959900000000000091e+02
-4.819200000000000159e+02
-5.000000000000000000e+02
-4.980600000000000023e+02
-5.000000000000000000e+02
-4.912699999999999818e+02
-4.824100000000000250e+02
-3.915400000000000205e+02
-4.971200000000000045e+02
-3.957099999999999795e+02
-4.988299999999999841e+02
-3.125799999999999841e+02
-2.949800000000000182e+02
-4.122099999999999795e+02
-4.609700000000000273e+02
-5.000000000000000000e+02
