-5.000000000000000000e+02
-5.000000000000000000e+02
-4.855299999999999727e+02
-4.946499999999999773e+02
-5.000000000000000000e+02
-1.826899999999999977e+02
-4.975099999999999909e+02
-3.574399999999999977e+02
-1.507500000000000000e+02
-2.430600000000000023e+02
-1.724399999999999977e+02
-4.973700000000000045e+02
-4.460500000000000114e+02
-3.985299999999999727e+02
-2.545800000000000125e+02
-1.470999999999999943e+02
-1.556899999999999977e+02
-2.340600000000000023e+02
-2.095600000000000023e+02
-4.971600000000000250e+02
