-4.980199999999999818e+02
-4.998899999999999864e+02
-5.000000000000000000e+02
-5.000000000000000000e+02
-5.000000000000000000e+02
-5.000000000000000000e+02
-5.000000000000000000e+02
-4.938399999999999750e+02
-4.976100000000000136e+02
-4.951299999999999955e+02
-4.990400000000000205e+02
-4.386100000000000136e+02
-4.909399999999999977e+02
-2.113600000000000136e+02
-2.623500000000000227e+02
-3.480899999999999750e+02
-4.977900000000000205e+02
-2.446100000000000136e+02
-3.959100000000000250e+02
-1.645600000000000023e+02
