-4.919700000000000273e+02
-4.978000000000000114e+02
-5.000000000000000000e+02
-4.671700000000000159e+02
-4.906399999999999864e+02
-4.865199999999999818e+02
-4.675199999999999818e+02
-4.979499999999999886e+02
-4.785199999999999818e+02
-4.547799999999999727e+02
-4.951000000000000227e+02
-4.219700000000000273e+02
-5.000000000000000000e+02
-1.501800000000000068e+02
-2.621800000000000068e+02
-2.662599999999999909e+02
-3.067699999999999818e+02
-3.359200000000000159e+02
-4.910799999999999841e+02
-2.011599999999999966e+02
