-5.000000000000000000e+02
-5.000000000000000000e+02
-5.000000000000000000e+02
-5.000000000000000000e+02
-3.351600000000000250e+02
-5.000000000000000000e+02
-2.415399999999999920e+02
-5.000000000000000000e+02
-5.000000000000000000e+02
-5.000000000000000000e+02
-5.000000000000000000e+02
-1.303300000000000125e+02
-5.000000000000000000e+02
-1.012199999999999989e+02
-1.184399999999999977e+02
-1.412299999999999898e+02
-1.872500000000000000e+02
-1.683499999999999943e+02
-4.471800000000000068e+02
-1.486200000000000045e+02
