-5.000000000000000000e+02
-4.981200000000000045e+02
-5.000000000000000000e+02
-4.850400000000000205e+02
-5.000000000000000000e+02
-4.934800000000000182e+02
-5.000000000000000000e+02
-4.840000000000000000e+02
-4.936000000000000227e+02
-3.646999999999999886e+02
-4.241899999999999977e+02
-3.928000000000000114e+02
-4.491100000000000136e+02
-4.183600000000000136e+02
-3.533399999999999750e+02
-2.240300000000000011e+02
-2.094600000000000080e+02
-1.777899999999999920e+02
-1.746500000000000057e+02
-2.867900000000000205e+02
