-5.000000000000000000e+02
-4.999499999999999886e+02
-4.994599999999999795e+02
-5.000000000000000000e+02
-4.774900000000000091e+02
-4.993799999999999955e+02
-4.590199999999999818e+02
-5.000000000000000000e+02
-4.707699999999999818e+02
-2.698199999999999932e+02
-4.983199999999999932e+02
-4.941399999999999864e+02
-3.233199999999999932e+02
-4.743999999999999773e+02
-2.889399999999999977e+02
-3.826499999999999773e+02
-4.767300000000000182e+02
-2.574800000000000182e+02
-3.798399999999999750e+02
-2.049799999999999898e+02
