-4.983799999999999955e+02
-5.000000000000000000e+02
-5.000000000000000000e+02
-4.979200000000000159e+02
-5.000000000000000000e+02
-3.681100000000000136e+02
-5.000000000000000000e+02
-1.569499999999999886e+02
-4.431800000000000068e+02
-1.798600000000000136e+02
-1.392700000000000102e+02
-1.585399999999999920e+02
-5.000000000000000000e+02
-2.446800000000000068e+02
-5.000000000000000000e+02
-1.508799999999999955e+02
-1.903799999999999955e+02
-5.000000000000000000e+02
-4.946600000000000250e+02
-5.000000000000000000e+02
