-4.919700000000000273e+02
-5.000000000000000000e+02
-5.000000000000000000e+02
-4.988500000000000227e+02
-4.990000000000000000e+02
-4.916499999999999773e+02
-4.939200000000000159e+02
-4.708899999999999864e+02
-4.373899999999999864e+02
-4.485000000000000000e+02
-3.877900000000000205e+02
-4.190099999999999909e+02
-3.210099999999999909e+02
-4.098700000000000045e+02
-3.296000000000000227e+02
-3.469800000000000182e+02
-2.795099999999999909e+02
-3.413700000000000045e+02
-2.393400000000000034e+02
-2.342700000000000102e+02
