-5.000000000000000000e+02
-4.855799999999999841e+02
-5.000000000000000000e+02
-4.988700000000000045e+02
-4.985899999999999750e+02
-4.906899999999999977e+02
-4.978000000000000114e+02
-3.967599999999999909e+02
-4.330400000000000205e+02
-4.341700000000000159e+02
-4.488500000000000227e+02
-5.000000000000000000e+02
-5.000000000000000000e+02
-2.493700000000000045e+02
-2.966899999999999977e+02
-2.641200000000000045e+02
-2.503499999999999943e+02
-4.926499999999999773e+02
-4.453000000000000114e+02
-3.758700000000000045e+02
