-5.000000000000000000e+02
-5.000000000000000000e+02
-4.823000000000000114e+02
-5.000000000000000000e+02
-4.984399999999999977e+02
-4.791800000000000068e+02
-5.000000000000000000e+02
-4.779700000000000273e+02
-4.980500000000000114e+02
-2.925299999999999727e+02
-4.634700000000000273e+02
-4.289499999999999886e+02
-4.905400000000000205e+02
-2.564399999999999977e+02
-2.785299999999999727e+02
-4.253199999999999932e+02
-3.013100000000000023e+02
-5.000000000000000000e+02
-1.757700000000000102e+02
-4.529700000000000273e+02
