-5.000000000000000000e+02
-4.993899999999999864e+02
-4.538600000000000136e+02
-4.688799999999999955e+02
-5.000000000000000000e+02
-5.000000000000000000e+02
-4.963199999999999932e+02
-4.454599999999999795e+02
-2.238799999999999955e+02
-3.203000000000000114e+02
-3.898899999999999864e+02
-1.989699999999999989e+02
-3.855699999999999932e+02
-2.150500000000000114e+02
-4.192699999999999818e+02
-3.680099999999999909e+02
-1.422299999999999898e+02
-2.364900000000000091e+02
-2.127899999999999920e+02
-2.698000000000000114e+02
