-5.000000000000000000e+02
-5.000000000000000000e+02
-4.940199999999999818e+02
-4.948100000000000023e+02
-4.967300000000000182e+02
-5.000000000000000000e+02
-4.955500000000000114e+02
-5.000000000000000000e+02
-4.193000000000000114e+02
-3.428100000000000023e+02
-5.000000000000000000e+02
-4.588799999999999955e+02
-5.000000000000000000e+02
-5.000000000000000000e+02
-4.046000000000000227e+02
-5.000000000000000000e+02
-5.000000000000000000e+02
-3.319800000000000182e+02
-4.506399999999999864e+02
-4.446299999999999955e+02
