-5.000000000000000000e+02
-4.999399999999999977e+02
-5.000000000000000000e+02
-4.808199999999999932e+02
-4.371700000000000159e+02
-3.614300000000000068e+02
-4.887599999999999909e+02
-4.406600000000000250e+02
-4.865500000000000114e+02
-5.000000000000000000e+02
-4.750500000000000114e+02
-4.380500000000000114e+02
-4.781200000000000045e+02
-2.376599999999999966e+02
-3.381999999999999886e+02
-4.099800000000000182e+02
-4.989900000000000091e+02
-2.001299999999999955e+02
-4.970000000000000000e+02
-2.632300000000000182e+02
