-4.973299999999999841e+02
-5.000000000000000000e+02
-5.000000000000000000e+02
-5.000000000000000000e+02
-4.713000000000000114e+02
-5.000000000000000000e+02
-4.837099999999999795e+02
-4.722599999999999909e+02
-4.901000000000000227e+02
-4.644599999999999795e+02
-5.000000000000000000e+02
-4.315299999999999727e+02
-4.076499999999999773e+02
-2.363300000000000125e+02
-4.965400000000000205e+02
-2.653600000000000136e+02
-4.951700000000000159e+02
-4.914200000000000159e+02
-3.698100000000000023e+02
-4.319499999999999886e+02
