-4.977900000000000205e+02
-4.969300000000000068e+02
-4.949300000000000068e+02
-4.971200000000000045e+02
-4.372500000000000000e+02
-5.000000000000000000e+02
-4.999200000000000159e+02
-4.763700000000000045e+02
-4.205899999999999750e+02
-4.294499999999999886e+02
-4.922599999999999909e+02
-4.936999999999999886e+02
-3.490299999999999727e+02
-4.922599999999999909e+02
-4.167799999999999727e+02
-3.106000000000000227e+02
-2.907900000000000205e+02
-3.650600000000000023e+02
-1.967199999999999989e+02
-3.933899999999999864e+02
