-4.973299999999999841e+02
-5.000000000000000000e+02
-4.971200000000000045e+02
-3.478500000000000227e+02
-4.589700000000000273e+02
-5.000000000000000000e+02
-5.000000000000000000e+02
-5.000000000000000000e+02
-5.000000000000000000e+02
-5.000000000000000000e+02
-5.000000000000000000e+02
-4.995600000000000023e+02
-3.909399999999999977e+02
-5.000000000000000000e+02
-3.630400000000000205e+02
-3.335500000000000114e+02
-2.539499999999999886e+02
-1.973199999999999932e+02
-4.380899999999999750e+02
-3.712099999999999795e+02
