-5.000000000000000000e+02
-5.000000000000000000e+02
-5.000000000000000000e+02
-5.000000000000000000e+02
-5.000000000000000000e+02
-5.000000000000000000e+02
-5.000000000000000000e+02
-5.000000000000000000e+02
-4.600000000000000000e+02
-4.905299999999999727e+02
-5.000000000000000000e+02
-4.543199999999999932e+02
-4.613899999999999864e+02
-3.668799999999999955e+02
-5.000000000000000000e+02
-2.273700000000000045e+02
-4.017400000000000091e+02
-4.873500000000000227e+02
-3.983899999999999864e+02
-4.966399999999999864e+02
