-4.991499999999999773e+02
-5.000000000000000000e+02
-4.993799999999999955e+02
-4.939499999999999886e+02
-5.000000000000000000e+02
-4.977599999999999909e+02
-5.000000000000000000e+02
-5.000000000000000000e+02
-5.000000000000000000e+02
-4.831899999999999977e+02
-4.991499999999999773e+02
-4.039700000000000273e+02
-4.814399999999999977e+02
-3.329900000000000091e+02
-4.988700000000000045e+02
-5.000000000000000000e+02
-3.412200000000000273e+02
-5.000000000000000000e+02
-5.000000000000000000e+02
-3.428600000000000136e+02
