-4.902200000000000273e+02
-5.000000000000000000e+02
-5.000000000000000000e+02
-5.000000000000000000e+02
-4.988899999999999864e+02
-4.993600000000000136e+02
-4.987300000000000182e+02
-4.712099999999999795e+02
-3.368999999999999773e+02
-4.221100000000000136e+02
-3.619399999999999977e+02
-1.776500000000000057e+02
-3.097900000000000205e+02
-1.741800000000000068e+02
-2.909399999999999977e+02
-3.882500000000000000e+02
-5.000000000000000000e+02
-3.550500000000000114e+02
-4.798799999999999955e+02
-4.923899999999999864e+02
