-5.000000000000000000e+02
-4.982900000000000205e+02
-4.991200000000000045e+02
-5.000000000000000000e+02
-5.000000000000000000e+02
-4.861499999999999773e+02
-5.000000000000000000e+02
-4.941499999999999773e+02
-5.000000000000000000e+02
-4.983299999999999841e+02
-4.828600000000000136e+02
-3.491600000000000250e+02
-4.544700000000000273e+02
-4.549900000000000091e+02
-2.987599999999999909e+02
-3.085500000000000114e+02
-2.580099999999999909e+02
-4.380699999999999932e+02
-4.675099999999999909e+02
-3.828100000000000023e+02
