-5.000000000000000000e+02
-4.025699999999999932e+02
-5.000000000000000000e+02
-5.000000000000000000e+02
-5.000000000000000000e+02
-5.000000000000000000e+02
-4.808799999999999955e+02
-5.000000000000000000e+02
-5.000000000000000000e+02
-5.000000000000000000e+02
-5.000000000000000000e+02
-4.894399999999999977e+02
-5.000000000000000000e+02
-5.000000000000000000e+02
-4.961100000000000136e+02
-5.000000000000000000e+02
-1.501500000000000057e+02
-1.064599999999999937e+02
-1.120300000000000011e+02
-4.435000000000000000e+02
