-4.961899999999999977e+02
-5.000000000000000000e+02
-4.880500000000000114e+02
-5.000000000000000000e+02
-4.994300000000000068e+02
-4.502699999999999818e+02
-4.354499999999999886e+02
-4.900899999999999750e+02
-3.538100000000000023e+02
-5.000000000000000000e+02
-5.000000000000000000e+02
-5.000000000000000000e+02
-4.231000000000000227e+02
-3.970899999999999750e+02
-3.239100000000000250e+02
-2.662799999999999727e+02
-2.784499999999999886e+02
-1.976899999999999977e+02
-2.271699999999999875e+02
-1.691100000000000136e+02
