-5.000000000000000000e+02
-5.000000000000000000e+02
-5.000000000000000000e+02
-4.999399999999999977e+02
-4.996499999999999773e+02
-5.000000000000000000e+02
-4.986399999999999864e+02
-5.000000000000000000e+02
-5.000000000000000000e+02
-5.000000000000000000e+02
-4.290899999999999750e+02
-5.000000000000000000e+02
-3.875500000000000114e+02
-4.905299999999999727e+02
-3.708899999999999864e+02
-2.876200000000000045e+02
-4.891600000000000250e+02
-4.112900000000000205e+02
-3.259499999999999886e+02
-2.528400000000000034e+02
