-4.867599999999999909e+02
-4.771899999999999977e+02
-5.000000000000000000e+02
-5.000000000000000000e+02
-3.671399999999999864e+02
-4.993700000000000045e+02
-3.062500000000000000e+02
-1.555999999999999943e+02
-3.013199999999999932e+02
-4.186600000000000250e+02
-2.575600000000000023e+02
-1.409000000000000057e+02
-2.045099999999999909e+02
-2.626399999999999864e+02
-2.582599999999999909e+02
-4.808399999999999750e+02
-4.906899999999999977e+02
-2.414300000000000068e+02
-5.000000000000000000e+02
-5.000000000000000000e+02
