-5.000000000000000000e+02
-5.000000000000000000e+02
-5.000000000000000000e+02
-5.000000000000000000e+02
-5.000000000000000000e+02
-5.000000000000000000e+02
-5.000000000000000000e+02
-5.000000000000000000e+02
-5.000000000000000000e+02
-4.998299999999999841e+02
-4.359499999999999886e+02
-5.000000000000000000e+02
-4.813000000000000114e+02
-4.794200000000000159e+02
-4.676999999999999886e+02
-3.481800000000000068e+02
-2.646800000000000068e+02
-4.310199999999999818e+02
-4.319200000000000159e+02
-3.642699999999999818e+02
