-5.000000000000000000e+02
-5.000000000000000000e+02
-5.000000000000000000e+02
-5.000000000000000000e+02
-5.000000000000000000e+02
-5.000000000000000000e+02
-5.000000000000000000e+02
-4.996800000000000068e+02
-5.000000000000000000e+02
-4.782900000000000205e+02
-2.108000000000000114e+02
-4.104200000000000159e+02
-4.878700000000000045e+02
-4.695400000000000205e+02
-2.907099999999999795e+02
-4.375699999999999932e+02
-4.168799999999999955e+02
-4.338999999999999773e+02
-3.468299999999999841e+02
-4.710199999999999818e+02
