-4.977900000000000205e+02
-4.950099999999999909e+02
-4.685299999999999727e+02
-4.987400000000000091e+02
-5.000000000000000000e+02
-5.000000000000000000e+02
-5.000000000000000000e+02
-1.738899999999999864e+02
-5.000000000000000000e+02
-8.976999999999999602e+01
-4.896000000000000227e+02
-4.642400000000000091e+02
-2.437700000000000102e+02
-1.822500000000000000e+02
-5.000000000000000000e+02
-5.000000000000000000e+02
-4.815600000000000023e+02
-5.000000000000000000e+02
-3.842300000000000182e+02
-1.229899999999999949e+02
