-5.000000000000000000e+02
-5.000000000000000000e+02
-5.000000000000000000e+02
-5.000000000000000000e+02
-5.000000000000000000e+02
-5.000000000000000000e+02
-5.000000000000000000e+02
-5.000000000000000000e+02
-5.000000000000000000e+02
-4.956999999999999886e+02
-4.870099999999999909e+02
-5.000000000000000000e+02
-4.953700000000000045e+02
-4.999800000000000182e+02
-4.991000000000000227e+02
-2.627200000000000273e+02
-1.664399999999999977e+02
-1.919699999999999989e+02
-2.013700000000000045e+02
-2.048700000000000045e+02
