-5.000000000000000000e+02
-5.000000000000000000e+02
-5.000000000000000000e+02
-5.000000000000000000e+02
-2.194300000000000068e+02
-5.000000000000000000e+02
-5.000000000000000000e+02
-4.931200000000000045e+02
-5.000000000000000000e+02
-5.000000000000000000e+02
-5.000000000000000000e+02
-4.888500000000000227e+02
-5.000000000000000000e+02
-4.733100000000000023e+02
-5.000000000000000000e+02
-5.000000000000000000e+02
-4.892500000000000000e+02
-5.000000000000000000e+02
-4.901200000000000045e+02
-2.690600000000000023e+02
