-5.000000000000000000e+02
-4.923299999999999841e+02
-4.984900000000000091e+02
-5.000000000000000000e+02
-4.998199999999999932e+02
-5.000000000000000000e+02
-3.361700000000000159e+02
-4.597599999999999909e+02
-4.360099999999999909e+02
-4.164499999999999886e+02
-4.939800000000000182e+02
-3.070699999999999932e+02
-4.016700000000000159e+02
-3.897300000000000182e+02
-3.930899999999999750e+02
-2.245699999999999932e+02
-3.595199999999999818e+02
-4.077799999999999727e+02
-4.965799999999999841e+02
-1.421399999999999864e+02
