-4.892200000000000273e+02
-4.993700000000000045e+02
-5.000000000000000000e+02
-5.000000000000000000e+02
-5.000000000000000000e+02
-4.964300000000000068e+02
-5.000000000000000000e+02
-4.700000000000000000e+02
-4.964399999999999977e+02
-4.422300000000000182e+02
-2.366800000000000068e+02
-4.998899999999999864e+02
-2.213000000000000114e+02
-3.051999999999999886e+02
-4.383100000000000023e+02
-4.327400000000000091e+02
-3.412699999999999818e+02
-4.261100000000000136e+02
-2.480200000000000102e+02
-2.933199999999999932e+02
