-4.867599999999999909e+02
-5.000000000000000000e+02
-4.986999999999999886e+02
-4.857900000000000205e+02
-4.878899999999999864e+02
-4.257500000000000000e+02
-4.851600000000000250e+02
-4.588799999999999955e+02
-1.936899999999999977e+02
-4.360299999999999727e+02
-3.979200000000000159e+02
-5.000000000000000000e+02
-4.032500000000000000e+02
-3.357200000000000273e+02
-1.844199999999999875e+02
-4.244100000000000250e+02
-1.876299999999999955e+02
-4.661100000000000136e+02
-4.503700000000000045e+02
-4.627200000000000273e+02
