-5.000000000000000000e+02
-4.995099999999999909e+02
-4.945699999999999932e+02
-4.792300000000000182e+02
-4.645299999999999727e+02
-3.726800000000000068e+02
-4.660000000000000000e+02
-4.987599999999999909e+02
-4.992900000000000205e+02
-4.904100000000000250e+02
-4.998500000000000227e+02
-2.879399999999999977e+02
-3.863799999999999955e+02
-3.534900000000000091e+02
-4.345299999999999727e+02
-5.000000000000000000e+02
-3.579499999999999886e+02
-2.396500000000000057e+02
-4.356200000000000045e+02
-3.510500000000000114e+02
