-5.000000000000000000e+02
-5.000000000000000000e+02
-5.000000000000000000e+02
-5.000000000000000000e+02
-5.000000000000000000e+02
-5.000000000000000000e+02
-5.000000000000000000e+02
-5.000000000000000000e+02
-5.000000000000000000e+02
-4.248999999999999773e+02
-3.997900000000000205e+02
-2.485099999999999909e+02
-4.368299999999999841e+02
-4.767599999999999909e+02
-2.827699999999999818e+02
-2.494000000000000057e+02
-2.948700000000000045e+02
-2.118199999999999932e+02
-4.725199999999999818e+02
-3.616000000000000227e+02
