-4.984499999999999886e+02
-5.000000000000000000e+02
-4.988999999999999773e+02
-5.000000000000000000e+02
-5.000000000000000000e+02
-4.818600000000000136e+02
-4.813600000000000136e+02
-4.862699999999999818e+02
-4.980099999999999909e+02
-4.334599999999999795e+02
-4.760699999999999932e+02
-4.629900000000000091e+02
-3.076700000000000159e+02
-4.088600000000000136e+02
-3.316800000000000068e+02
-4.637599999999999909e+02
-4.353600000000000136e+02
-3.860500000000000114e+02
-2.408600000000000136e+02
-5.000000000000000000e+02
