-5.000000000000000000e+02
-4.994499999999999886e+02
-4.990899999999999750e+02
-4.278799999999999955e+02
-4.946800000000000068e+02
-4.746299999999999955e+02
-4.973399999999999750e+02
-4.942500000000000000e+02
-4.266100000000000136e+02
-4.998199999999999932e+02
-4.696899999999999977e+02
-3.780899999999999750e+02
-4.290000000000000000e+02
-4.969399999999999977e+02
-2.270399999999999920e+02
-5.000000000000000000e+02
-2.723100000000000023e+02
-3.045199999999999818e+02
-4.506899999999999977e+02
-4.891800000000000068e+02
