-5.000000000000000000e+02
-4.994300000000000068e+02
-4.978000000000000114e+02
-4.878700000000000045e+02
-4.909399999999999977e+02
-4.964499999999999886e+02
-4.989200000000000159e+02
-4.449300000000000068e+02
-4.859800000000000182e+02
-4.636600000000000250e+02
-3.648500000000000227e+02
-3.343399999999999750e+02
-4.013000000000000114e+02
-4.481999999999999886e+02
-3.540099999999999909e+02
-2.819399999999999977e+02
-2.409699999999999989e+02
-3.054200000000000159e+02
-2.120600000000000023e+02
-2.004099999999999966e+02
