-4.961899999999999977e+02
-5.000000000000000000e+02
-5.000000000000000000e+02
-5.000000000000000000e+02
-5.000000000000000000e+02
-4.898999999999999773e+02
-4.999900000000000091e+02
-5.000000000000000000e+02
-4.853999999999999773e+02
-4.990000000000000000e+02
-4.654499999999999886e+02
-3.660099999999999909e+02
-4.964800000000000182e+02
-3.250799999999999841e+02
-5.000000000000000000e+02
-3.364499999999999886e+02
-4.918299999999999841e+02
-4.986499999999999773e+02
-4.756499999999999773e+02
-2.285399999999999920e+02
