-4.965400000000000205e+02
-5.000000000000000000e+02
-5.000000000000000000e+02
-4.955000000000000000e+02
-5.000000000000000000e+02
-4.993100000000000023e+02
-5.000000000000000000e+02
-4.955500000000000114e+02
-5.000000000000000000e+02
-4.303299999999999841e+02
-5.000000000000000000e+02
-5.000000000000000000e+02
-4.955600000000000023e+02
-3.563600000000000136e+02
-4.976899999999999977e+02
-3.586399999999999864e+02
-4.998199999999999932e+02
-2.632599999999999909e+02
-5.000000000000000000e+02
-1.219500000000000028e+02
