-4.931999999999999886e+02
-4.987799999999999727e+02
-4.781700000000000159e+02
-5.000000000000000000e+02
-4.759200000000000159e+02
-4.825899999999999750e+02
-4.541399999999999864e+02
-4.980799999999999841e+02
-3.520299999999999727e+02
-3.409100000000000250e+02
-4.459599999999999795e+02
-2.452899999999999920e+02
-2.538799999999999955e+02
-4.247500000000000000e+02
-4.097799999999999727e+02
-3.243399999999999750e+02
-5.000000000000000000e+02
-2.877699999999999818e+02
-4.917799999999999727e+02
-1.823400000000000034e+02
