-4.977900000000000205e+02
-4.964700000000000273e+02
-4.976600000000000250e+02
-4.820000000000000000e+02
-4.514399999999999977e+02
-4.361999999999999886e+02
-4.763500000000000227e+02
-4.988700000000000045e+02
-3.182200000000000273e+02
-3.682500000000000000e+02
-3.595000000000000000e+02
-4.026899999999999977e+02
-3.301399999999999864e+02
-3.292699999999999818e+02
-2.715000000000000000e+02
-4.714499999999999886e+02
-5.000000000000000000e+02
-2.790799999999999841e+02
-2.554699999999999989e+02
-2.572400000000000091e+02
