-4.980199999999999818e+02
-5.000000000000000000e+02
-5.000000000000000000e+02
-4.995600000000000023e+02
-5.000000000000000000e+02
-4.985500000000000114e+02
-4.948100000000000023e+02
-4.994200000000000159e+02
-4.953500000000000227e+02
-4.509900000000000091e+02
-3.202699999999999818e+02
-4.906800000000000068e+02
-2.522700000000000102e+02
-4.990199999999999818e+02
-2.599300000000000068e+02
-4.122799999999999727e+02
-2.624900000000000091e+02
-5.000000000000000000e+02
-4.180500000000000114e+02
-4.390000000000000000e+02
