-5.000000000000000000e+02
-5.000000000000000000e+02
-5.000000000000000000e+02
-5.000000000000000000e+02
-5.000000000000000000e+02
-5.000000000000000000e+02
-5.000000000000000000e+02
-5.000000000000000000e+02
-5.000000000000000000e+02
-5.000000000000000000e+02
-4.863999999999999773e+02
-5.000000000000000000e+02
-4.303799999999999955e+02
-5.000000000000000000e+02
-4.960400000000000205e+02
-3.449300000000000068e+02
-5.000000000000000000e+02
-4.719200000000000159e+02
-4.291000000000000227e+02
-5.000000000000000000e+02
