-5.000000000000000000e+02
-5.000000000000000000e+02
-4.711899999999999977e+02
-4.995500000000000114e+02
-4.981700000000000159e+02
-4.953899999999999864e+02
-4.763000000000000114e+02
-4.827900000000000205e+02
-4.031200000000000045e+02
-4.353500000000000227e+02
-3.411899999999999977e+02
-4.733500000000000227e+02
-4.568999999999999773e+02
-5.000000000000000000e+02
-1.839000000000000057e+02
-3.171000000000000227e+02
-3.388600000000000136e+02
-4.516200000000000045e+02
-5.000000000000000000e+02
-3.009800000000000182e+02
