-5.000000000000000000e+02
-5.000000000000000000e+02
-5.000000000000000000e+02
-5.000000000000000000e+02
-5.000000000000000000e+02
-5.000000000000000000e+02
-4.995099999999999909e+02
-4.860000000000000000e+02
-2.817400000000000091e+02
-2.085399999999999920e+02
-5.000000000000000000e+02
-5.000000000000000000e+02
-4.984900000000000091e+02
-5.000000000000000000e+02
-5.000000000000000000e+02
-4.833899999999999864e+02
-5.000000000000000000e+02
-4.972200000000000273e+02
-4.726399999999999864e+02
-5.000000000000000000e+02
