-4.867599999999999909e+02
-5.000000000000000000e+02
-5.000000000000000000e+02
-5.000000000000000000e+02
-5.000000000000000000e+02
-5.000000000000000000e+02
-4.891299999999999955e+02
-2.684800000000000182e+02
-2.244699999999999989e+02
-4.990899999999999750e+02
-4.538600000000000136e+02
-2.962200000000000273e+02
-4.500899999999999750e+02
-1.834000000000000057e+02
-3.646700000000000159e+02
-3.415600000000000023e+02
-4.524800000000000182e+02
-2.928500000000000227e+02
-1.321899999999999977e+02
-2.160300000000000011e+02
