-5.000000000000000000e+02
-4.934900000000000091e+02
-4.981700000000000159e+02
-5.000000000000000000e+02
-4.983500000000000227e+02
-4.976200000000000045e+02
-5.000000000000000000e+02
-4.738999999999999773e+02
-4.068100000000000023e+02
-3.918500000000000227e+02
-5.000000000000000000e+02
-4.428399999999999750e+02
-4.379399999999999977e+02
-2.246599999999999966e+02
-4.335699999999999932e+02
-3.472400000000000091e+02
-3.141299999999999955e+02
-2.525999999999999943e+02
-4.337699999999999818e+02
-1.949499999999999886e+02
