-5.000000000000000000e+02
-5.000000000000000000e+02
-4.995899999999999750e+02
-4.811399999999999864e+02
-4.924200000000000159e+02
-3.444200000000000159e+02
-2.453199999999999932e+02
-5.000000000000000000e+02
-5.000000000000000000e+02
-4.504300000000000068e+02
-4.983100000000000023e+02
-4.179100000000000250e+02
-4.766999999999999886e+02
-4.386000000000000227e+02
-4.606200000000000045e+02
-3.084700000000000273e+02
-3.396000000000000227e+02
-4.586200000000000045e+02
-4.874100000000000250e+02
-2.474699999999999989e+02
