-5.000000000000000000e+02
-5.000000000000000000e+02
-5.000000000000000000e+02
-5.000000000000000000e+02
-4.867500000000000000e+02
-3.130400000000000205e+02
-4.801499999999999773e+02
-3.127099999999999795e+02
-4.815600000000000023e+02
-5.000000000000000000e+02
-2.423499999999999943e+02
-3.917400000000000091e+02
-2.260500000000000114e+02
-4.071100000000000136e+02
-5.000000000000000000e+02
-3.361399999999999864e+02
-5.000000000000000000e+02
-3.645899999999999750e+02
-3.521600000000000250e+02
-4.983299999999999841e+02
