-5.000000000000000000e+02
-5.000000000000000000e+02
-4.991299999999999955e+02
-4.938799999999999955e+02
-5.000000000000000000e+02
-5.000000000000000000e+02
-5.000000000000000000e+02
-4.987900000000000205e+02
-4.853799999999999955e+02
-4.983600000000000136e+02
-3.078299999999999841e+02
-4.108100000000000023e+02
-5.000000000000000000e+02
-1.985000000000000000e+02
-4.160000000000000000e+02
-3.208199999999999932e+02
-3.346499999999999773e+02
-3.428199999999999932e+02
-4.631200000000000045e+02
-3.645299999999999727e+02
