-4.961899999999999977e+02
-5.000000000000000000e+02
-5.000000000000000000e+02
-5.000000000000000000e+02
-5.000000000000000000e+02
-4.963199999999999932e+02
-4.991399999999999864e+02
-4.753799999999999955e+02
-4.963999999999999773e+02
-5.000000000000000000e+02
-4.935799999999999841e+02
-3.988399999999999750e+02
-2.371899999999999977e+02
-4.306200000000000045e+02
-3.840199999999999818e+02
-1.885699999999999932e+02
-3.416800000000000068e+02
-4.602500000000000000e+02
-5.000000000000000000e+02
-3.666899999999999977e+02
