-4.919700000000000273e+02
-5.000000000000000000e+02
-5.000000000000000000e+02
-4.940099999999999909e+02
-5.000000000000000000e+02
-5.000000000000000000e+02
-4.999200000000000159e+02
-4.955000000000000000e+02
-4.938500000000000227e+02
-4.714900000000000091e+02
-3.617300000000000182e+02
-4.996000000000000227e+02
-3.083299999999999841e+02
-4.687300000000000182e+02
-3.988500000000000227e+02
-3.047400000000000091e+02
-4.994300000000000068e+02
-3.122799999999999727e+02
-5.000000000000000000e+02
-5.000000000000000000e+02
