-4.961899999999999977e+02
-5.000000000000000000e+02
-5.000000000000000000e+02
-5.000000000000000000e+02
-4.035199999999999818e+02
-5.000000000000000000e+02
-4.883100000000000023e+02
-4.982599999999999909e+02
-5.000000000000000000e+02
-3.737599999999999909e+02
-4.971299999999999955e+02
-4.860400000000000205e+02
-1.807299999999999898e+02
-5.000000000000000000e+02
-4.837200000000000273e+02
-3.618500000000000227e+02
-4.396399999999999864e+02
-4.272300000000000182e+02
-4.124200000000000159e+02
-3.533299999999999841e+02
