-5.000000000000000000e+02
-5.000000000000000000e+02
-5.000000000000000000e+02
-5.000000000000000000e+02
-5.000000000000000000e+02
-4.983199999999999932e+02
-5.000000000000000000e+02
-3.838999999999999773e+02
-3.390899999999999750e+02
-4.907099999999999795e+02
-4.997300000000000182e+02
-4.465299999999999727e+02
-4.816899999999999977e+02
-4.553899999999999864e+02
-3.246299999999999955e+02
-1.966899999999999977e+02
-3.665600000000000023e+02
-2.481299999999999955e+02
-4.301700000000000159e+02
-4.943999999999999773e+02
