-5.000000000000000000e+02
-5.000000000000000000e+02
-5.000000000000000000e+02
-4.873799999999999955e+02
-4.994700000000000273e+02
-4.614900000000000091e+02
-4.934900000000000091e+02
-5.000000000000000000e+02
-4.963000000000000114e+02
-4.916000000000000227e+02
-3.959100000000000250e+02
-4.776399999999999864e+02
-3.599700000000000273e+02
-4.261100000000000136e+02
-2.142199999999999989e+02
-3.398899999999999864e+02
-2.645600000000000023e+02
-3.664900000000000091e+02
-3.702799999999999727e+02
-3.619100000000000250e+02
