-5.000000000000000000e+02
-4.958399999999999750e+02
-4.530400000000000205e+02
-4.954499999999999886e+02
-4.792699999999999818e+02
-5.000000000000000000e+02
-4.952099999999999795e+02
-4.783000000000000114e+02
-4.654700000000000273e+02
-4.048399999999999750e+02
-4.985299999999999727e+02
-4.927699999999999818e+02
-4.479300000000000068e+02
-2.977900000000000205e+02
-4.946000000000000227e+02
-4.963600000000000136e+02
-4.831999999999999886e+02
-3.360600000000000023e+02
-2.134499999999999886e+02
-2.858700000000000045e+02
