-4.997500000000000000e+02
-5.000000000000000000e+02
-5.000000000000000000e+02
-5.000000000000000000e+02
-5.000000000000000000e+02
-4.996700000000000159e+02
-4.974399999999999977e+02
-4.999200000000000159e+02
-4.989900000000000091e+02
-4.752400000000000091e+02
-3.913100000000000023e+02
-4.376399999999999864e+02
-4.132400000000000091e+02
-4.985799999999999841e+02
-1.962599999999999909e+02
-4.532099999999999795e+02
-4.972599999999999909e+02
-4.575099999999999909e+02
-3.476899999999999977e+02
-1.921800000000000068e+02
