-4.931999999999999886e+02
-4.464200000000000159e+02
-4.682300000000000182e+02
-5.000000000000000000e+02
-5.000000000000000000e+02
-4.993299999999999841e+02
-5.000000000000000000e+02
-4.940299999999999727e+02
-5.000000000000000000e+02
-4.951600000000000250e+02
-5.000000000000000000e+02
-3.893000000000000114e+02
-4.948700000000000045e+02
-4.965899999999999750e+02
-4.881399999999999864e+02
-4.268999999999999773e+02
-2.535500000000000114e+02
-5.000000000000000000e+02
-2.572799999999999727e+02
-4.756700000000000159e+02
