-4.961899999999999977e+02
-5.000000000000000000e+02
-5.000000000000000000e+02
-4.981000000000000227e+02
-4.966499999999999773e+02
-5.000000000000000000e+02
-4.966800000000000068e+02
-5.000000000000000000e+02
-4.966899999999999977e+02
-4.961100000000000136e+02
-4.929300000000000068e+02
-4.667400000000000091e+02
-4.847400000000000091e+02
-3.602300000000000182e+02
-4.843100000000000023e+02
-3.978999999999999773e+02
-5.000000000000000000e+02
-4.659300000000000068e+02
-3.514300000000000068e+02
-4.889499999999999886e+02
