-5.000000000000000000e+02
-5.000000000000000000e+02
-4.989300000000000068e+02
-5.000000000000000000e+02
-4.389100000000000250e+02
-4.816000000000000227e+02
-4.868199999999999932e+02
-4.879800000000000182e+02
-4.973000000000000114e+02
-4.842599999999999909e+02
-4.460899999999999750e+02
-3.754900000000000091e+02
-3.172500000000000000e+02
-4.937099999999999795e+02
-3.647699999999999818e+02
-4.453500000000000227e+02
-3.642300000000000182e+02
-4.807500000000000000e+02
-4.401800000000000068e+02
-2.579200000000000159e+02
