-5.000000000000000000e+02
-5.000000000000000000e+02
-5.000000000000000000e+02
-2.971999999999999886e+02
-5.000000000000000000e+02
-5.000000000000000000e+02
-3.640000000000000000e+02
-5.000000000000000000e+02
-4.992699999999999818e+02
-4.899900000000000091e+02
-1.027300000000000040e+02
-1.442800000000000011e+02
-4.027699999999999818e+02
-1.668199999999999932e+02
-1.313300000000000125e+02
-2.151299999999999955e+02
-1.541299999999999955e+02
-4.555799999999999841e+02
-1.984600000000000080e+02
-3.271200000000000045e+02
