-5.000000000000000000e+02
-5.000000000000000000e+02
-5.000000000000000000e+02
-5.000000000000000000e+02
-5.000000000000000000e+02
-5.000000000000000000e+02
-5.000000000000000000e+02
-4.692099999999999795e+02
-5.000000000000000000e+02
-2.671200000000000045e+02
-2.092500000000000000e+02
-1.180699999999999932e+02
-1.208100000000000023e+02
-2.607599999999999909e+02
-2.019600000000000080e+02
-1.644099999999999966e+02
-3.312799999999999727e+02
-4.053299999999999841e+02
-1.797100000000000080e+02
-4.706800000000000068e+02
