-5.000000000000000000e+02
-5.000000000000000000e+02
-5.000000000000000000e+02
-5.000000000000000000e+02
-5.000000000000000000e+02
-5.000000000000000000e+02
-5.000000000000000000e+02
-5.000000000000000000e+02
-4.987500000000000000e+02
-4.732599999999999909e+02
-4.949800000000000182e+02
-4.691899999999999977e+02
-4.918299999999999841e+02
-4.891999999999999886e+02
-4.297900000000000205e+02
-4.695699999999999932e+02
-2.973000000000000114e+02
-2.635400000000000205e+02
-2.463499999999999943e+02
-5.000000000000000000e+02
