-4.984499999999999886e+02
-5.000000000000000000e+02
-5.000000000000000000e+02
-5.000000000000000000e+02
-4.895099999999999909e+02
-4.698500000000000227e+02
-4.367099999999999795e+02
-3.460099999999999909e+02
-3.032500000000000000e+02
-4.375299999999999727e+02
-4.065799999999999841e+02
-4.083999999999999773e+02
-4.051999999999999886e+02
-4.230199999999999818e+02
-2.150900000000000034e+02
-1.752899999999999920e+02
-1.672400000000000091e+02
-1.752299999999999898e+02
-1.828100000000000023e+02
-2.221100000000000136e+02
