-5.000000000000000000e+02
-4.988799999999999955e+02
-4.999599999999999795e+02
-4.994599999999999795e+02
-5.000000000000000000e+02
-5.000000000000000000e+02
-4.963000000000000114e+02
-5.000000000000000000e+02
-4.690500000000000114e+02
-4.813700000000000045e+02
-4.009700000000000273e+02
-4.671200000000000045e+02
-4.201100000000000136e+02
-2.828700000000000045e+02
-4.956999999999999886e+02
-1.386100000000000136e+02
-3.886800000000000068e+02
-2.858299999999999841e+02
-5.000000000000000000e+02
-1.730399999999999920e+02
