-5.000000000000000000e+02
-5.000000000000000000e+02
-5.000000000000000000e+02
-5.000000000000000000e+02
-5.000000000000000000e+02
-4.765799999999999841e+02
-4.118899999999999864e+02
-4.362500000000000000e+02
-4.960500000000000114e+02
-5.000000000000000000e+02
-4.289599999999999795e+02
-4.766200000000000045e+02
-2.990600000000000023e+02
-3.794300000000000068e+02
-3.046399999999999864e+02
-2.110900000000000034e+02
-4.974399999999999977e+02
-2.105999999999999943e+02
-3.021800000000000068e+02
-2.395999999999999943e+02
