-4.983799999999999955e+02
-4.199700000000000273e+02
-4.983100000000000023e+02
-5.000000000000000000e+02
-4.955199999999999818e+02
-4.991100000000000136e+02
-4.550600000000000023e+02
-5.000000000000000000e+02
-3.930099999999999909e+02
-4.820299999999999727e+02
-4.976499999999999773e+02
-3.407400000000000091e+02
-4.125600000000000023e+02
-4.959300000000000068e+02
-4.873299999999999841e+02
-1.909000000000000057e+02
-4.345600000000000023e+02
-4.318899999999999864e+02
-4.947400000000000091e+02
-4.830500000000000114e+02
