-5.000000000000000000e+02
-5.000000000000000000e+02
-5.000000000000000000e+02
-4.998600000000000136e+02
-5.000000000000000000e+02
-4.987400000000000091e+02
-5.000000000000000000e+02
-5.000000000000000000e+02
-4.867500000000000000e+02
-4.707699999999999818e+02
-3.748100000000000023e+02
-4.568700000000000045e+02
-4.538899999999999864e+02
-4.417400000000000091e+02
-5.000000000000000000e+02
-3.048600000000000136e+02
-4.713799999999999955e+02
-2.681000000000000227e+02
-4.705500000000000114e+02
-1.681599999999999966e+02
