-4.940899999999999750e+02
-4.982699999999999818e+02
-5.000000000000000000e+02
-5.000000000000000000e+02
-4.897300000000000182e+02
-4.978299999999999841e+02
-5.000000000000000000e+02
-4.958299999999999841e+02
-4.963899999999999864e+02
-3.188600000000000136e+02
-4.960199999999999818e+02
-3.491100000000000136e+02
-4.992900000000000205e+02
-2.392100000000000080e+02
-2.239799999999999898e+02
-3.840299999999999727e+02
-4.893100000000000023e+02
-2.459699999999999989e+02
-2.588700000000000045e+02
-4.984100000000000250e+02
