-5.000000000000000000e+02
-2.690400000000000205e+02
-5.000000000000000000e+02
-5.000000000000000000e+02
-5.000000000000000000e+02
-1.811399999999999864e+02
-4.892500000000000000e+02
-2.893399999999999750e+02
-1.879399999999999977e+02
-2.054000000000000057e+02
-1.608499999999999943e+02
-2.496399999999999864e+02
-4.433000000000000114e+02
-4.026600000000000250e+02
-2.751000000000000227e+02
-3.514200000000000159e+02
-4.775600000000000023e+02
-4.889100000000000250e+02
-4.867699999999999818e+02
-2.276800000000000068e+02
