-5.000000000000000000e+02
-5.000000000000000000e+02
-5.000000000000000000e+02
-5.000000000000000000e+02
-5.000000000000000000e+02
-5.000000000000000000e+02
-4.878399999999999750e+02
-3.775799999999999841e+02
-1.531599999999999966e+02
-1.571299999999999955e+02
-4.472400000000000091e+02
-2.608799999999999955e+02
-1.415300000000000011e+02
-4.116600000000000250e+02
-2.844900000000000091e+02
-3.041399999999999864e+02
-4.637200000000000273e+02
-3.657500000000000000e+02
-3.721700000000000159e+02
-4.667900000000000205e+02
