-4.973299999999999841e+02
-4.990400000000000205e+02
-5.000000000000000000e+02
-5.000000000000000000e+02
-5.000000000000000000e+02
-5.000000000000000000e+02
-1.180799999999999983e+02
-5.000000000000000000e+02
-1.613899999999999864e+02
-2.824900000000000091e+02
-1.531899999999999977e+02
-3.345799999999999841e+02
-4.587799999999999727e+02
-4.669399999999999977e+02
-4.895600000000000023e+02
-5.000000000000000000e+02
-4.896600000000000250e+02
-5.000000000000000000e+02
-4.927900000000000205e+02
-5.000000000000000000e+02
