-4.991499999999999773e+02
-4.993199999999999932e+02
-4.967099999999999795e+02
-4.998500000000000227e+02
-5.000000000000000000e+02
-5.000000000000000000e+02
-4.982300000000000182e+02
-4.994200000000000159e+02
-4.890899999999999750e+02
-5.000000000000000000e+02
-4.988000000000000114e+02
-4.724599999999999795e+02
-4.950699999999999932e+02
-4.167400000000000091e+02
-4.798299999999999841e+02
-1.915699999999999932e+02
-4.827300000000000182e+02
-1.717400000000000091e+02
-4.726600000000000250e+02
-3.427699999999999818e+02
