-4.850299999999999727e+02
-4.963100000000000023e+02
-4.978299999999999841e+02
-5.000000000000000000e+02
-5.000000000000000000e+02
-5.000000000000000000e+02
-5.000000000000000000e+02
-4.983799999999999955e+02
-5.000000000000000000e+02
-5.000000000000000000e+02
-5.000000000000000000e+02
-5.000000000000000000e+02
-4.533199999999999932e+02
-4.736200000000000045e+02
-4.684200000000000159e+02
-3.730600000000000023e+02
-3.825899999999999750e+02
-4.982900000000000205e+02
-2.966899999999999977e+02
-4.970400000000000205e+02
