-5.000000000000000000e+02
-5.000000000000000000e+02
-4.856200000000000045e+02
-5.000000000000000000e+02
-5.000000000000000000e+02
-5.000000000000000000e+02
-4.949599999999999795e+02
-4.923199999999999932e+02
-3.902200000000000273e+02
-4.471100000000000136e+02
-2.202199999999999989e+02
-3.791800000000000068e+02
-2.636299999999999955e+02
-4.541899999999999977e+02
-2.421200000000000045e+02
-4.928799999999999955e+02
-2.243400000000000034e+02
-3.641200000000000045e+02
-4.842300000000000182e+02
-4.964100000000000250e+02
