-5.000000000000000000e+02
-5.000000000000000000e+02
-5.000000000000000000e+02
-5.000000000000000000e+02
-5.000000000000000000e+02
-4.052200000000000273e+02
-5.000000000000000000e+02
-1.235300000000000011e+02
-1.204200000000000017e+02
-9.689000000000000057e+01
-1.836299999999999955e+02
-4.524700000000000273e+02
-2.836299999999999955e+02
-3.979900000000000091e+02
-3.754700000000000273e+02
-1.631699999999999875e+02
-1.522599999999999909e+02
-1.112999999999999972e+02
-1.733499999999999943e+02
-2.771399999999999864e+02
