-5.000000000000000000e+02
-5.000000000000000000e+02
-4.982699999999999818e+02
-5.000000000000000000e+02
-5.000000000000000000e+02
-5.000000000000000000e+02
-5.000000000000000000e+02
-4.923799999999999955e+02
-4.994900000000000091e+02
-4.969800000000000182e+02
-4.986499999999999773e+02
-3.571100000000000136e+02
-4.325400000000000205e+02
-4.594200000000000159e+02
-3.142200000000000273e+02
-3.871200000000000045e+02
-4.983000000000000114e+02
-5.000000000000000000e+02
-4.699800000000000182e+02
-2.834499999999999886e+02
