-4.983799999999999955e+02
-4.921100000000000136e+02
-4.908399999999999750e+02
-5.000000000000000000e+02
-4.976899999999999977e+02
-4.766800000000000068e+02
-3.785600000000000023e+02
-4.998799999999999955e+02
-3.717300000000000182e+02
-4.996899999999999977e+02
-2.490200000000000102e+02
-4.668600000000000136e+02
-3.687699999999999818e+02
-2.354300000000000068e+02
-3.853999999999999773e+02
-3.285500000000000114e+02
-2.587400000000000091e+02
-3.356200000000000045e+02
-2.167700000000000102e+02
-2.822900000000000205e+02
