-5.000000000000000000e+02
-5.000000000000000000e+02
-4.940199999999999818e+02
-4.866999999999999886e+02
-5.000000000000000000e+02
-5.000000000000000000e+02
-5.000000000000000000e+02
-5.000000000000000000e+02
-1.686399999999999864e+02
-2.879100000000000250e+02
-4.485699999999999932e+02
-5.000000000000000000e+02
-2.519300000000000068e+02
-5.000000000000000000e+02
-5.000000000000000000e+02
-5.000000000000000000e+02
-5.000000000000000000e+02
-5.000000000000000000e+02
-5.000000000000000000e+02
-4.857099999999999795e+02
