-5.000000000000000000e+02
-5.000000000000000000e+02
-4.993899999999999864e+02
-5.000000000000000000e+02
-5.000000000000000000e+02
-4.757799999999999727e+02
-4.966000000000000227e+02
-4.945299999999999727e+02
-3.606899999999999977e+02
-5.000000000000000000e+02
-4.548199999999999932e+02
-4.107699999999999818e+02
-4.743000000000000114e+02
-3.248899999999999864e+02
-4.192200000000000273e+02
-4.915099999999999909e+02
-2.615299999999999727e+02
-4.888700000000000045e+02
-3.565799999999999841e+02
-3.068000000000000114e+02
