-5.000000000000000000e+02
-5.000000000000000000e+02
-5.000000000000000000e+02
-5.000000000000000000e+02
-5.000000000000000000e+02
-5.000000000000000000e+02
-5.000000000000000000e+02
-4.963600000000000136e+02
-5.000000000000000000e+02
-4.994499999999999886e+02
-4.860699999999999932e+02
-4.925099999999999909e+02
-2.764200000000000159e+02
-4.826000000000000227e+02
-2.830500000000000114e+02
-4.824599999999999795e+02
-3.626800000000000068e+02
-2.036699999999999875e+02
-3.613299999999999841e+02
-2.251399999999999864e+02
