-4.931999999999999886e+02
-5.000000000000000000e+02
-4.974300000000000068e+02
-4.989700000000000273e+02
-4.729100000000000250e+02
-5.000000000000000000e+02
-4.997900000000000205e+02
-4.978899999999999864e+02
-3.898700000000000045e+02
-4.633999999999999773e+02
-3.197400000000000091e+02
-1.710999999999999943e+02
-4.877799999999999727e+02
-2.891100000000000136e+02
-4.865600000000000023e+02
-1.327500000000000000e+02
-4.701000000000000227e+02
-1.334399999999999977e+02
-4.450000000000000000e+02
-1.390800000000000125e+02
