-5.000000000000000000e+02
-4.980699999999999932e+02
-5.000000000000000000e+02
-5.000000000000000000e+02
-4.986800000000000068e+02
-4.975299999999999727e+02
-4.832900000000000205e+02
-4.401499999999999773e+02
-4.742699999999999818e+02
-2.689300000000000068e+02
-4.336600000000000250e+02
-2.844200000000000159e+02
-4.200500000000000114e+02
-2.434600000000000080e+02
-3.756299999999999955e+02
-4.259700000000000273e+02
-2.867900000000000205e+02
-3.891499999999999773e+02
-4.843999999999999773e+02
-3.316000000000000227e+02
