-4.965400000000000205e+02
-5.000000000000000000e+02
-5.000000000000000000e+02
-5.000000000000000000e+02
-4.947500000000000000e+02
-5.000000000000000000e+02
-4.990099999999999909e+02
-5.000000000000000000e+02
-4.994300000000000068e+02
-4.974200000000000159e+02
-3.388999999999999773e+02
-4.993500000000000227e+02
-3.506700000000000159e+02
-3.501800000000000068e+02
-4.431999999999999886e+02
-2.559099999999999966e+02
-3.009800000000000182e+02
-1.922299999999999898e+02
-4.197599999999999909e+02
-2.834499999999999886e+02
