-5.000000000000000000e+02
-5.000000000000000000e+02
-5.000000000000000000e+02
-4.996100000000000136e+02
-5.000000000000000000e+02
-5.000000000000000000e+02
-4.914100000000000250e+02
-4.978299999999999841e+02
-4.987799999999999727e+02
-5.000000000000000000e+02
-4.611899999999999977e+02
-4.749300000000000068e+02
-4.813199999999999932e+02
-4.027300000000000182e+02
-3.939900000000000091e+02
-4.210199999999999818e+02
-2.686100000000000136e+02
-3.577500000000000000e+02
-4.578199999999999932e+02
-3.982599999999999909e+02
