-5.000000000000000000e+02
-5.000000000000000000e+02
-5.000000000000000000e+02
-5.000000000000000000e+02
-4.990500000000000114e+02
-5.000000000000000000e+02
-4.996700000000000159e+02
-5.000000000000000000e+02
-4.951899999999999977e+02
-3.249399999999999977e+02
-4.888100000000000023e+02
-5.000000000000000000e+02
-3.921800000000000068e+02
-5.000000000000000000e+02
-5.000000000000000000e+02
-4.968299999999999841e+02
-2.343899999999999864e+02
-3.486000000000000227e+02
-4.972599999999999909e+02
-3.958399999999999750e+02
