-5.000000000000000000e+02
-5.000000000000000000e+02
-4.994100000000000250e+02
-4.997799999999999727e+02
-5.000000000000000000e+02
-5.000000000000000000e+02
-5.000000000000000000e+02
-4.976800000000000068e+02
-4.938199999999999932e+02
-4.805600000000000023e+02
-5.000000000000000000e+02
-4.284800000000000182e+02
-3.750000000000000000e+02
-4.571299999999999955e+02
-4.465799999999999841e+02
-4.424499999999999886e+02
-3.411899999999999977e+02
-2.376299999999999955e+02
-2.263199999999999932e+02
-2.083199999999999932e+02
