-4.980199999999999818e+02
-5.000000000000000000e+02
-5.000000000000000000e+02
-4.991600000000000250e+02
-5.000000000000000000e+02
-5.000000000000000000e+02
-5.000000000000000000e+02
-4.828700000000000045e+02
-4.979800000000000182e+02
-4.546700000000000159e+02
-2.731999999999999886e+02
-5.000000000000000000e+02
-3.276100000000000136e+02
-4.016299999999999955e+02
-5.000000000000000000e+02
-2.105500000000000114e+02
-4.467500000000000000e+02
-4.695600000000000023e+02
-3.185799999999999841e+02
-4.421299999999999955e+02
