-5.000000000000000000e+02
-4.995099999999999909e+02
-4.968600000000000136e+02
-4.935799999999999841e+02
-4.712599999999999909e+02
-5.000000000000000000e+02
-4.844599999999999795e+02
-4.946399999999999864e+02
-4.366600000000000250e+02
-2.948500000000000227e+02
-2.290399999999999920e+02
-3.261600000000000250e+02
-4.799100000000000250e+02
-4.468600000000000136e+02
-2.656399999999999864e+02
-1.379099999999999966e+02
-1.603199999999999932e+02
-2.001800000000000068e+02
-1.680200000000000102e+02
-1.573100000000000023e+02
