-4.892200000000000273e+02
-4.877400000000000091e+02
-5.000000000000000000e+02
-4.922599999999999909e+02
-4.960400000000000205e+02
-4.972099999999999795e+02
-4.998199999999999932e+02
-4.884700000000000273e+02
-4.951600000000000250e+02
-4.957799999999999727e+02
-4.187500000000000000e+02
-4.397699999999999818e+02
-4.696700000000000159e+02
-5.000000000000000000e+02
-3.631299999999999955e+02
-3.984499999999999886e+02
-3.371299999999999955e+02
-3.779900000000000091e+02
-4.365099999999999909e+02
-3.113500000000000227e+02
