-5.000000000000000000e+02
-5.000000000000000000e+02
-4.998399999999999750e+02
-4.885799999999999841e+02
-4.897400000000000091e+02
-2.460900000000000034e+02
-2.415500000000000114e+02
-5.000000000000000000e+02
-5.000000000000000000e+02
-5.000000000000000000e+02
-5.000000000000000000e+02
-5.000000000000000000e+02
-4.881499999999999773e+02
-5.000000000000000000e+02
-1.184200000000000017e+02
-8.753000000000000114e+01
-1.518300000000000125e+02
-1.024599999999999937e+02
-4.581100000000000136e+02
-1.402299999999999898e+02
