-5.000000000000000000e+02
-5.000000000000000000e+02
-4.928999999999999773e+02
-5.000000000000000000e+02
-4.975400000000000205e+02
-4.922099999999999795e+02
-5.000000000000000000e+02
-5.000000000000000000e+02
-4.976200000000000045e+02
-4.550099999999999909e+02
-4.844200000000000159e+02
-2.864200000000000159e+02
-3.102699999999999818e+02
-4.744700000000000273e+02
-2.131299999999999955e+02
-1.882599999999999909e+02
-2.040900000000000034e+02
-1.441899999999999977e+02
-2.451500000000000057e+02
-4.892500000000000000e+02
