-5.000000000000000000e+02
-5.000000000000000000e+02
-4.596200000000000045e+02
-5.000000000000000000e+02
-4.618600000000000136e+02
-5.000000000000000000e+02
-4.993600000000000136e+02
-5.000000000000000000e+02
-4.604499999999999886e+02
-4.847400000000000091e+02
-4.842799999999999727e+02
-5.000000000000000000e+02
-4.505099999999999909e+02
-4.928799999999999955e+02
-3.709200000000000159e+02
-3.173600000000000136e+02
-4.935199999999999818e+02
-1.772400000000000091e+02
-3.795400000000000205e+02
-4.537200000000000273e+02
