-5.000000000000000000e+02
-5.000000000000000000e+02
-4.976299999999999955e+02
-4.989100000000000250e+02
-4.991899999999999977e+02
-4.983899999999999864e+02
-5.000000000000000000e+02
-4.866399999999999864e+02
-4.121899999999999977e+02
-4.598999999999999773e+02
-2.385099999999999909e+02
-4.971800000000000068e+02
-4.229900000000000091e+02
-5.000000000000000000e+02
-4.295600000000000023e+02
-2.505300000000000011e+02
-4.246600000000000250e+02
-2.505800000000000125e+02
-3.378199999999999932e+02
-4.212500000000000000e+02
