-5.000000000000000000e+02
-5.000000000000000000e+02
-5.000000000000000000e+02
-4.989900000000000091e+02
-5.000000000000000000e+02
-4.989900000000000091e+02
-4.440600000000000023e+02
-5.000000000000000000e+02
-4.989300000000000068e+02
-4.754700000000000273e+02
-4.941000000000000227e+02
-2.305699999999999932e+02
-4.693500000000000227e+02
-4.906399999999999864e+02
-3.714200000000000159e+02
-2.769499999999999886e+02
-4.997400000000000091e+02
-2.015999999999999943e+02
-3.573999999999999773e+02
-2.868100000000000023e+02
