-5.000000000000000000e+02
-5.000000000000000000e+02
-5.000000000000000000e+02
-4.997300000000000182e+02
-5.000000000000000000e+02
-5.000000000000000000e+02
-5.000000000000000000e+02
-5.000000000000000000e+02
-4.561499999999999773e+02
-4.499100000000000250e+02
-4.790299999999999727e+02
-3.292500000000000000e+02
-3.544700000000000273e+02
-5.000000000000000000e+02
-3.733100000000000023e+02
-4.550600000000000023e+02
-3.242099999999999795e+02
-2.715400000000000205e+02
-2.629800000000000182e+02
-4.318199999999999932e+02
