-5.000000000000000000e+02
-5.000000000000000000e+02
-5.000000000000000000e+02
-5.000000000000000000e+02
-4.898199999999999932e+02
-5.000000000000000000e+02
-3.913199999999999932e+02
-5.000000000000000000e+02
-5.000000000000000000e+02
-5.000000000000000000e+02
-4.945899999999999750e+02
-5.000000000000000000e+02
-5.000000000000000000e+02
-2.302899999999999920e+02
-9.440000000000000568e+01
-1.850500000000000114e+02
-2.645199999999999818e+02
-1.744000000000000057e+02
-3.781000000000000227e+02
-3.261999999999999886e+02
