-5.000000000000000000e+02
-5.000000000000000000e+02
-5.000000000000000000e+02
-5.000000000000000000e+02
-5.000000000000000000e+02
-5.000000000000000000e+02
-5.000000000000000000e+02
-4.483500000000000227e+02
-4.554900000000000091e+02
-4.780400000000000205e+02
-4.879399999999999977e+02
-4.201999999999999886e+02
-5.000000000000000000e+02
-4.232099999999999795e+02
-4.860099999999999909e+02
-2.603100000000000023e+02
-4.555500000000000114e+02
-4.952400000000000091e+02
-5.000000000000000000e+02
-4.973199999999999932e+02
