-5.000000000000000000e+02
-5.000000000000000000e+02
-5.000000000000000000e+02
-5.000000000000000000e+02
-5.000000000000000000e+02
-4.948399999999999750e+02
-5.000000000000000000e+02
-4.974399999999999977e+02
-4.991700000000000159e+02
-4.843700000000000045e+02
-4.774599999999999795e+02
-5.000000000000000000e+02
-4.711399999999999864e+02
-4.855600000000000023e+02
-4.231200000000000045e+02
-4.991399999999999864e+02
-4.624499999999999886e+02
-2.424399999999999977e+02
-4.943999999999999773e+02
-3.818399999999999750e+02
