-5.000000000000000000e+02
-5.000000000000000000e+02
-5.000000000000000000e+02
-5.000000000000000000e+02
-5.000000000000000000e+02
-5.000000000000000000e+02
-5.000000000000000000e+02
-5.000000000000000000e+02
-4.869599999999999795e+02
-4.972799999999999727e+02
-4.904499999999999886e+02
-4.950699999999999932e+02
-3.858700000000000045e+02
-3.261499999999999773e+02
-3.020099999999999909e+02
-3.561100000000000136e+02
-4.061399999999999864e+02
-2.334699999999999989e+02
-2.246200000000000045e+02
-2.368600000000000136e+02
