-5.000000000000000000e+02
-4.922200000000000273e+02
-4.990699999999999932e+02
-4.743100000000000023e+02
-5.000000000000000000e+02
-5.000000000000000000e+02
-4.992599999999999909e+02
-5.000000000000000000e+02
-4.948999999999999773e+02
-5.000000000000000000e+02
-4.933399999999999750e+02
-4.733600000000000136e+02
-4.180899999999999750e+02
-4.896899999999999977e+02
-4.482099999999999795e+02
-3.186399999999999864e+02
-3.769800000000000182e+02
-2.852799999999999727e+02
-4.754900000000000091e+02
-3.536899999999999977e+02
