-5.000000000000000000e+02
-5.000000000000000000e+02
-5.000000000000000000e+02
-5.000000000000000000e+02
-5.000000000000000000e+02
-4.824100000000000250e+02
-4.206499999999999773e+02
-4.293700000000000045e+02
-3.502599999999999909e+02
-3.430799999999999841e+02
-3.484900000000000091e+02
-4.506600000000000250e+02
-3.961499999999999773e+02
-2.747699999999999818e+02
-3.600500000000000114e+02
-2.764100000000000250e+02
-2.214900000000000091e+02
-2.559600000000000080e+02
-2.821000000000000227e+02
-2.711999999999999886e+02
