-5.000000000000000000e+02
-5.000000000000000000e+02
-5.000000000000000000e+02
-5.000000000000000000e+02
-5.000000000000000000e+02
-5.000000000000000000e+02
-4.834599999999999795e+02
-5.000000000000000000e+02
-4.987400000000000091e+02
-4.807900000000000205e+02
-4.808700000000000045e+02
-4.963600000000000136e+02
-4.645799999999999841e+02
-2.949599999999999795e+02
-5.000000000000000000e+02
-4.971800000000000068e+02
-4.723899999999999864e+02
-2.644200000000000159e+02
-3.253700000000000045e+02
-4.637200000000000273e+02
