-4.902200000000000273e+02
-5.000000000000000000e+02
-5.000000000000000000e+02
-5.000000000000000000e+02
-4.998899999999999864e+02
-4.971399999999999864e+02
-4.995299999999999727e+02
-5.000000000000000000e+02
-4.839300000000000068e+02
-4.158100000000000023e+02
-4.856800000000000068e+02
-3.330299999999999727e+02
-2.573100000000000023e+02
-4.815699999999999932e+02
-2.394399999999999977e+02
-3.312500000000000000e+02
-4.928700000000000045e+02
-4.780500000000000114e+02
-2.471399999999999864e+02
-3.652799999999999727e+02
