-5.000000000000000000e+02
-5.000000000000000000e+02
-5.000000000000000000e+02
-4.973799999999999955e+02
-4.981899999999999977e+02
-4.953600000000000136e+02
-4.970000000000000000e+02
-4.983600000000000136e+02
-4.912099999999999795e+02
-4.785400000000000205e+02
-3.441999999999999886e+02
-4.819399999999999977e+02
-4.995400000000000205e+02
-3.608000000000000114e+02
-2.607799999999999727e+02
-4.012699999999999818e+02
-4.123700000000000045e+02
-4.735699999999999932e+02
-2.588600000000000136e+02
-2.461200000000000045e+02
