-5.000000000000000000e+02
-4.986200000000000045e+02
-5.000000000000000000e+02
-4.783100000000000023e+02
-5.000000000000000000e+02
-4.997599999999999909e+02
-4.987400000000000091e+02
-4.981499999999999773e+02
-5.000000000000000000e+02
-5.000000000000000000e+02
-4.020500000000000114e+02
-4.510299999999999727e+02
-4.354800000000000182e+02
-4.387099999999999795e+02
-3.645000000000000000e+02
-3.619599999999999795e+02
-2.873600000000000136e+02
-3.040699999999999932e+02
-3.669300000000000068e+02
-3.731299999999999955e+02
