-5.000000000000000000e+02
-4.976399999999999864e+02
-4.998899999999999864e+02
-5.000000000000000000e+02
-4.941899999999999977e+02
-4.877300000000000182e+02
-4.948199999999999932e+02
-4.839599999999999795e+02
-4.898100000000000023e+02
-4.757400000000000091e+02
-4.895600000000000023e+02
-3.256299999999999955e+02
-4.665500000000000114e+02
-2.872400000000000091e+02
-2.233899999999999864e+02
-4.655299999999999727e+02
-4.954499999999999886e+02
-3.024700000000000273e+02
-2.134699999999999989e+02
-3.191299999999999955e+02
