-4.919700000000000273e+02
-5.000000000000000000e+02
-4.975799999999999841e+02
-4.950099999999999909e+02
-5.000000000000000000e+02
-4.962799999999999727e+02
-4.065600000000000023e+02
-3.622599999999999909e+02
-4.928000000000000114e+02
-4.955500000000000114e+02
-3.922799999999999727e+02
-4.887799999999999727e+02
-4.989700000000000273e+02
-3.352900000000000205e+02
-3.501100000000000136e+02
-4.080400000000000205e+02
-4.661299999999999955e+02
-3.998799999999999955e+02
-2.620000000000000000e+02
-2.611700000000000159e+02
