-4.977900000000000205e+02
-4.950400000000000205e+02
-5.000000000000000000e+02
-4.926600000000000250e+02
-4.999399999999999977e+02
-5.000000000000000000e+02
-5.000000000000000000e+02
-4.997099999999999795e+02
-3.386800000000000068e+02
-5.000000000000000000e+02
-4.870199999999999818e+02
-2.931700000000000159e+02
-4.934499999999999886e+02
-3.007900000000000205e+02
-4.889399999999999977e+02
-5.000000000000000000e+02
-2.031599999999999966e+02
-2.943399999999999750e+02
-3.626200000000000045e+02
-4.423799999999999955e+02
