-5.000000000000000000e+02
-5.000000000000000000e+02
-5.000000000000000000e+02
-5.000000000000000000e+02
-5.000000000000000000e+02
-5.000000000000000000e+02
-5.000000000000000000e+02
-5.000000000000000000e+02
-4.958199999999999932e+02
-3.263799999999999955e+02
-4.925400000000000205e+02
-4.656000000000000227e+02
-4.981499999999999773e+02
-3.663899999999999864e+02
-5.000000000000000000e+02
-5.000000000000000000e+02
-2.457700000000000102e+02
-3.651000000000000227e+02
-2.082899999999999920e+02
-2.377700000000000102e+02
