-5.000000000000000000e+02
-4.996299999999999955e+02
-4.970099999999999909e+02
-4.945600000000000023e+02
-4.905600000000000023e+02
-4.862799999999999727e+02
-4.844399999999999977e+02
-4.868999999999999773e+02
-4.913000000000000114e+02
-2.732500000000000000e+02
-4.817300000000000182e+02
-3.668199999999999932e+02
-4.058399999999999750e+02
-4.950000000000000000e+02
-3.816999999999999886e+02
-4.820500000000000114e+02
-4.697900000000000205e+02
-4.804200000000000159e+02
-2.217400000000000091e+02
-2.320800000000000125e+02
