-4.940899999999999750e+02
-4.996200000000000045e+02
-5.000000000000000000e+02
-5.000000000000000000e+02
-4.668600000000000136e+02
-5.000000000000000000e+02
-5.000000000000000000e+02
-5.000000000000000000e+02
-4.961999999999999886e+02
-4.996399999999999864e+02
-4.914900000000000091e+02
-2.623600000000000136e+02
-3.020400000000000205e+02
-5.000000000000000000e+02
-1.959699999999999989e+02
-4.608600000000000136e+02
-4.780199999999999818e+02
-2.166699999999999875e+02
-2.146999999999999886e+02
-2.309900000000000091e+02
