-5.000000000000000000e+02
-4.972400000000000091e+02
-4.992300000000000182e+02
-5.000000000000000000e+02
-5.000000000000000000e+02
-4.900299999999999727e+02
-4.989399999999999977e+02
-5.000000000000000000e+02
-4.754599999999999795e+02
-3.769300000000000068e+02
-3.958000000000000114e+02
-4.279900000000000091e+02
-4.150000000000000000e+02
-4.442699999999999818e+02
-3.150199999999999818e+02
-2.541699999999999875e+02
-1.755600000000000023e+02
-2.486999999999999886e+02
-4.579800000000000182e+02
-4.108799999999999955e+02
