-5.000000000000000000e+02
-4.661700000000000159e+02
-4.961499999999999773e+02
-4.962099999999999795e+02
-4.986800000000000068e+02
-5.000000000000000000e+02
-4.980299999999999727e+02
-4.997599999999999909e+02
-5.000000000000000000e+02
-4.548199999999999932e+02
-3.346299999999999955e+02
-4.963000000000000114e+02
-2.124300000000000068e+02
-4.449499999999999886e+02
-3.673799999999999955e+02
-5.000000000000000000e+02
-4.028700000000000045e+02
-1.761599999999999966e+02
-4.251999999999999886e+02
-2.948100000000000023e+02
