-5.000000000000000000e+02
-5.000000000000000000e+02
-5.000000000000000000e+02
-4.985299999999999727e+02
-5.000000000000000000e+02
-4.996100000000000136e+02
-5.000000000000000000e+02
-5.000000000000000000e+02
-5.000000000000000000e+02
-4.998899999999999864e+02
-4.898799999999999955e+02
-4.907200000000000273e+02
-4.903899999999999864e+02
-4.976200000000000045e+02
-3.255199999999999818e+02
-3.636200000000000045e+02
-2.639499999999999886e+02
-5.000000000000000000e+02
-1.809600000000000080e+02
-2.083499999999999943e+02
