-5.000000000000000000e+02
-4.775899999999999750e+02
-4.994399999999999977e+02
-4.994200000000000159e+02
-4.982400000000000091e+02
-5.000000000000000000e+02
-4.929200000000000159e+02
-4.954599999999999795e+02
-4.719499999999999886e+02
-4.995299999999999727e+02
-1.688799999999999955e+02
-4.834399999999999977e+02
-2.006299999999999955e+02
-5.000000000000000000e+02
-2.058199999999999932e+02
-2.825899999999999750e+02
-2.172800000000000011e+02
-5.000000000000000000e+02
-2.742900000000000205e+02
-2.868799999999999955e+02
