-5.000000000000000000e+02
-5.000000000000000000e+02
-5.000000000000000000e+02
-5.000000000000000000e+02
-5.000000000000000000e+02
-5.000000000000000000e+02
-5.000000000000000000e+02
-5.000000000000000000e+02
-4.992699999999999818e+02
-4.991499999999999773e+02
-4.212799999999999727e+02
-4.990299999999999727e+02
-4.326700000000000159e+02
-4.882200000000000273e+02
-3.908399999999999750e+02
-4.976800000000000068e+02
-4.206800000000000068e+02
-3.053600000000000136e+02
-4.831000000000000227e+02
-1.593400000000000034e+02
