-5.000000000000000000e+02
-5.000000000000000000e+02
-5.000000000000000000e+02
-4.995000000000000000e+02
-5.000000000000000000e+02
-4.991499999999999773e+02
-4.767099999999999795e+02
-5.000000000000000000e+02
-5.000000000000000000e+02
-4.441100000000000136e+02
-4.966399999999999864e+02
-4.852300000000000182e+02
-3.108999999999999773e+02
-4.884499999999999886e+02
-4.749100000000000250e+02
-2.642500000000000000e+02
-4.488700000000000045e+02
-3.450199999999999818e+02
-4.888000000000000114e+02
-1.895300000000000011e+02
