-5.000000000000000000e+02
-5.000000000000000000e+02
-5.000000000000000000e+02
-5.000000000000000000e+02
-5.000000000000000000e+02
-5.000000000000000000e+02
-5.000000000000000000e+02
-5.000000000000000000e+02
-4.884499999999999886e+02
-4.983700000000000045e+02
-4.430600000000000023e+02
-2.691499999999999773e+02
-2.575500000000000114e+02
-4.706700000000000159e+02
-5.000000000000000000e+02
-2.460900000000000034e+02
-3.006000000000000227e+02
-3.074300000000000068e+02
-1.675699999999999932e+02
-2.688799999999999955e+02
