-5.000000000000000000e+02
-5.000000000000000000e+02
-5.000000000000000000e+02
-5.000000000000000000e+02
-5.000000000000000000e+02
-5.000000000000000000e+02
-5.000000000000000000e+02
-4.867599999999999909e+02
-4.999300000000000068e+02
-4.957900000000000205e+02
-3.631399999999999864e+02
-4.948600000000000136e+02
-3.165299999999999727e+02
-4.757099999999999795e+02
-4.630199999999999818e+02
-1.988100000000000023e+02
-4.049100000000000250e+02
-4.161399999999999864e+02
-4.441100000000000136e+02
-3.898000000000000114e+02
