-5.000000000000000000e+02
-5.000000000000000000e+02
-5.000000000000000000e+02
-5.000000000000000000e+02
-5.000000000000000000e+02
-4.998899999999999864e+02
-5.000000000000000000e+02
-4.922799999999999727e+02
-4.984300000000000068e+02
-4.700099999999999909e+02
-5.000000000000000000e+02
-4.664100000000000250e+02
-4.741100000000000136e+02
-3.010299999999999727e+02
-3.398199999999999932e+02
-4.879900000000000091e+02
-4.877500000000000000e+02
-3.553799999999999955e+02
-2.131299999999999955e+02
-2.801000000000000227e+02
