-4.991499999999999773e+02
-4.948500000000000227e+02
-5.000000000000000000e+02
-4.456499999999999773e+02
-5.000000000000000000e+02
-5.000000000000000000e+02
-4.927300000000000182e+02
-3.304100000000000250e+02
-3.910899999999999750e+02
-1.444799999999999898e+02
-4.121200000000000045e+02
-4.215299999999999727e+02
-2.365099999999999909e+02
-2.930699999999999932e+02
-4.920500000000000114e+02
-5.000000000000000000e+02
-4.174100000000000250e+02
-2.632599999999999909e+02
-1.990500000000000114e+02
-1.537700000000000102e+02
