-5.000000000000000000e+02
-4.995199999999999818e+02
-5.000000000000000000e+02
-5.000000000000000000e+02
-5.000000000000000000e+02
-4.984399999999999977e+02
-4.990600000000000023e+02
-5.000000000000000000e+02
-5.000000000000000000e+02
-5.000000000000000000e+02
-4.802900000000000205e+02
-4.847099999999999795e+02
-5.000000000000000000e+02
-2.957500000000000000e+02
-3.412799999999999727e+02
-4.372200000000000273e+02
-3.273299999999999841e+02
-3.241800000000000068e+02
-5.000000000000000000e+02
-4.443299999999999841e+02
