-5.000000000000000000e+02
-5.000000000000000000e+02
-4.705799999999999841e+02
-5.000000000000000000e+02
-4.965699999999999932e+02
-4.935799999999999841e+02
-3.996299999999999955e+02
-5.000000000000000000e+02
-4.858999999999999773e+02
-4.671700000000000159e+02
-3.701899999999999977e+02
-3.408199999999999932e+02
-2.381599999999999966e+02
-2.354099999999999966e+02
-3.398899999999999864e+02
-4.086600000000000250e+02
-1.574799999999999898e+02
-1.646500000000000057e+02
-2.618799999999999955e+02
-3.150600000000000023e+02
