-5.000000000000000000e+02
-5.000000000000000000e+02
-5.000000000000000000e+02
-4.954499999999999886e+02
-4.923899999999999864e+02
-4.992799999999999727e+02
-3.851800000000000068e+02
-3.214700000000000273e+02
-4.834700000000000273e+02
-4.812200000000000273e+02
-4.734599999999999795e+02
-4.909399999999999977e+02
-4.514300000000000068e+02
-3.952200000000000273e+02
-5.000000000000000000e+02
-3.260299999999999727e+02
-3.231700000000000159e+02
-3.550600000000000023e+02
-4.769100000000000250e+02
-3.739200000000000159e+02
