-5.000000000000000000e+02
-5.000000000000000000e+02
-5.000000000000000000e+02
-4.954499999999999886e+02
-4.929100000000000250e+02
-4.970099999999999909e+02
-5.000000000000000000e+02
-4.966000000000000227e+02
-4.941299999999999955e+02
-5.000000000000000000e+02
-4.910000000000000000e+02
-4.985099999999999909e+02
-5.000000000000000000e+02
-5.000000000000000000e+02
-4.798100000000000023e+02
-2.469699999999999989e+02
-3.221200000000000045e+02
-3.260699999999999932e+02
-4.180000000000000000e+02
-3.161899999999999977e+02
