-4.940899999999999750e+02
-4.983600000000000136e+02
-4.977699999999999818e+02
-5.000000000000000000e+02
-5.000000000000000000e+02
-4.727400000000000091e+02
-4.975600000000000023e+02
-4.279599999999999795e+02
-5.000000000000000000e+02
-4.960500000000000114e+02
-4.993700000000000045e+02
-5.000000000000000000e+02
-5.000000000000000000e+02
-2.001699999999999875e+02
-5.000000000000000000e+02
-3.226600000000000250e+02
-3.566299999999999955e+02
-2.138400000000000034e+02
-1.798799999999999955e+02
-4.189900000000000091e+02
