-5.000000000000000000e+02
-5.000000000000000000e+02
-5.000000000000000000e+02
-1.355800000000000125e+02
-5.000000000000000000e+02
-5.000000000000000000e+02
-4.868700000000000045e+02
-5.000000000000000000e+02
-4.537400000000000091e+02
-5.000000000000000000e+02
-4.870199999999999818e+02
-5.000000000000000000e+02
-5.000000000000000000e+02
-5.000000000000000000e+02
-5.000000000000000000e+02
-5.000000000000000000e+02
-4.865000000000000000e+02
-5.000000000000000000e+02
-4.868600000000000136e+02
-5.000000000000000000e+02
