-5.000000000000000000e+02
-4.990299999999999727e+02
-5.000000000000000000e+02
-5.000000000000000000e+02
-5.000000000000000000e+02
-5.000000000000000000e+02
-5.000000000000000000e+02
-5.000000000000000000e+02
-5.000000000000000000e+02
-5.000000000000000000e+02
-5.000000000000000000e+02
-3.256999999999999886e+02
-3.978899999999999864e+02
-2.549199999999999875e+02
-1.756399999999999864e+02
-1.604399999999999977e+02
-1.112000000000000028e+02
-2.837200000000000273e+02
-5.000000000000000000e+02
-1.206800000000000068e+02
