-5.000000000000000000e+02
-5.000000000000000000e+02
-5.000000000000000000e+02
-5.000000000000000000e+02
-1.344699999999999989e+02
-5.000000000000000000e+02
-1.071500000000000057e+02
-5.000000000000000000e+02
-1.347299999999999898e+02
-1.243100000000000023e+02
-1.208299999999999983e+02
-3.712400000000000091e+02
-3.511100000000000136e+02
-2.004000000000000057e+02
-2.314099999999999966e+02
-1.674600000000000080e+02
-1.439799999999999898e+02
-2.863999999999999773e+02
-1.319000000000000057e+02
-3.631299999999999955e+02
