-5.000000000000000000e+02
-5.000000000000000000e+02
-5.000000000000000000e+02
-5.000000000000000000e+02
-5.000000000000000000e+02
-5.000000000000000000e+02
-4.991100000000000136e+02
-5.000000000000000000e+02
-5.000000000000000000e+02
-4.266600000000000250e+02
-3.056000000000000227e+02
-3.297099999999999795e+02
-2.918899999999999864e+02
-4.333899999999999864e+02
-4.072400000000000091e+02
-3.043899999999999864e+02
-1.769900000000000091e+02
-5.000000000000000000e+02
-1.742400000000000091e+02
-5.000000000000000000e+02
