-4.997500000000000000e+02
-5.000000000000000000e+02
-5.000000000000000000e+02
-5.000000000000000000e+02
-5.000000000000000000e+02
-5.000000000000000000e+02
-4.978600000000000136e+02
-4.856499999999999773e+02
-4.553199999999999932e+02
-4.317900000000000205e+02
-4.960500000000000114e+02
-3.729399999999999977e+02
-4.010400000000000205e+02
-4.144200000000000159e+02
-3.795500000000000114e+02
-2.610000000000000000e+02
-3.854800000000000182e+02
-2.666600000000000250e+02
-3.450199999999999818e+02
-2.503600000000000136e+02
