-4.919700000000000273e+02
-5.000000000000000000e+02
-5.000000000000000000e+02
-5.000000000000000000e+02
-5.000000000000000000e+02
-4.326299999999999955e+02
-2.568399999999999750e+02
-2.156899999999999977e+02
-1.222699999999999960e+02
-4.298899999999999864e+02
-3.775699999999999932e+02
-4.852200000000000273e+02
-4.153299999999999841e+02
-2.675799999999999841e+02
-1.247699999999999960e+02
-1.410500000000000114e+02
-1.975000000000000000e+02
-1.413000000000000114e+02
-2.915400000000000205e+02
-1.297400000000000091e+02
