-4.931999999999999886e+02
-4.992200000000000273e+02
-4.916100000000000136e+02
-4.861899999999999977e+02
-4.951999999999999886e+02
-4.965000000000000000e+02
-5.000000000000000000e+02
-4.926000000000000227e+02
-4.741899999999999977e+02
-4.819900000000000091e+02
-5.000000000000000000e+02
-5.000000000000000000e+02
-3.219399999999999977e+02
-5.000000000000000000e+02
-2.802699999999999818e+02
-4.973199999999999932e+02
-1.965000000000000000e+02
-1.412299999999999898e+02
-1.314499999999999886e+02
-1.419300000000000068e+02
