-5.000000000000000000e+02
-4.808700000000000045e+02
-5.000000000000000000e+02
-5.000000000000000000e+02
-5.000000000000000000e+02
-5.000000000000000000e+02
-4.886700000000000159e+02
-4.993299999999999841e+02
-2.862300000000000182e+02
-5.000000000000000000e+02
-4.113600000000000136e+02
-3.499300000000000068e+02
-4.992200000000000273e+02
-2.875199999999999818e+02
-1.277800000000000011e+02
-4.014700000000000273e+02
-1.344000000000000057e+02
-4.620600000000000023e+02
-3.574399999999999977e+02
-2.129099999999999966e+02
