-5.000000000000000000e+02
-5.000000000000000000e+02
-5.000000000000000000e+02
-5.000000000000000000e+02
-4.989900000000000091e+02
-4.928500000000000227e+02
-4.967799999999999727e+02
-4.989700000000000273e+02
-5.000000000000000000e+02
-4.943399999999999750e+02
-4.683199999999999932e+02
-4.680000000000000000e+02
-3.633500000000000227e+02
-2.740299999999999727e+02
-3.375500000000000114e+02
-4.947400000000000091e+02
-2.439900000000000091e+02
-4.318799999999999955e+02
-3.465899999999999750e+02
-3.277799999999999727e+02
