-4.965400000000000205e+02
-5.000000000000000000e+02
-5.000000000000000000e+02
-4.988799999999999955e+02
-5.000000000000000000e+02
-5.000000000000000000e+02
-5.000000000000000000e+02
-4.964599999999999795e+02
-5.000000000000000000e+02
-5.000000000000000000e+02
-4.779499999999999886e+02
-4.256800000000000068e+02
-4.989499999999999886e+02
-4.954700000000000273e+02
-4.386299999999999955e+02
-3.476999999999999886e+02
-4.998999999999999773e+02
-3.773399999999999750e+02
-2.711700000000000159e+02
-4.768000000000000114e+02
