-5.000000000000000000e+02
-5.000000000000000000e+02
-5.000000000000000000e+02
-5.000000000000000000e+02
-5.000000000000000000e+02
-4.723500000000000227e+02
-4.752200000000000273e+02
-4.530299999999999727e+02
-4.800799999999999841e+02
-4.956000000000000227e+02
-4.489800000000000182e+02
-4.529300000000000068e+02
-4.443199999999999932e+02
-2.992900000000000205e+02
-2.884900000000000091e+02
-2.667300000000000182e+02
-2.926000000000000227e+02
-2.203300000000000125e+02
-4.261999999999999886e+02
-3.460500000000000114e+02
