-4.980199999999999818e+02
-5.000000000000000000e+02
-4.451899999999999977e+02
-5.000000000000000000e+02
-4.926200000000000045e+02
-4.946700000000000159e+02
-3.718999999999999773e+02
-3.722500000000000000e+02
-2.635899999999999750e+02
-2.264099999999999966e+02
-4.926700000000000159e+02
-2.486200000000000045e+02
-2.572099999999999795e+02
-3.199700000000000273e+02
-2.917500000000000000e+02
-3.517400000000000091e+02
-2.308300000000000125e+02
-5.000000000000000000e+02
-3.657099999999999795e+02
-3.562099999999999795e+02
