-5.000000000000000000e+02
-5.000000000000000000e+02
-5.000000000000000000e+02
-5.000000000000000000e+02
-5.000000000000000000e+02
-4.978899999999999864e+02
-4.993600000000000136e+02
-4.974100000000000250e+02
-4.977900000000000205e+02
-4.881700000000000159e+02
-4.387500000000000000e+02
-4.633500000000000227e+02
-4.014300000000000068e+02
-3.139599999999999795e+02
-4.941800000000000068e+02
-2.294399999999999977e+02
-4.267500000000000000e+02
-4.764100000000000250e+02
-4.731800000000000068e+02
-4.380199999999999818e+02
