-5.000000000000000000e+02
-5.000000000000000000e+02
-4.993600000000000136e+02
-5.000000000000000000e+02
-4.905500000000000114e+02
-4.168600000000000136e+02
-4.838999999999999773e+02
-5.000000000000000000e+02
-4.850299999999999727e+02
-5.000000000000000000e+02
-5.000000000000000000e+02
-4.393899999999999864e+02
-4.982500000000000000e+02
-3.193000000000000114e+02
-4.923600000000000136e+02
-4.358500000000000227e+02
-2.434499999999999886e+02
-4.011299999999999955e+02
-2.767099999999999795e+02
-3.636100000000000136e+02
