-5.000000000000000000e+02
-5.000000000000000000e+02
-5.000000000000000000e+02
-4.948899999999999864e+02
-5.000000000000000000e+02
-4.976800000000000068e+02
-5.000000000000000000e+02
-4.980799999999999841e+02
-4.923199999999999932e+02
-3.031200000000000045e+02
-2.504799999999999898e+02
-4.938399999999999750e+02
-2.807400000000000091e+02
-3.933600000000000136e+02
-3.828899999999999864e+02
-5.000000000000000000e+02
-5.000000000000000000e+02
-3.299200000000000159e+02
-4.806399999999999864e+02
-1.816899999999999977e+02
