-5.000000000000000000e+02
-5.000000000000000000e+02
-4.762699999999999818e+02
-5.000000000000000000e+02
-4.993000000000000114e+02
-4.984399999999999977e+02
-5.000000000000000000e+02
-4.981499999999999773e+02
-4.777799999999999727e+02
-4.707200000000000273e+02
-3.336600000000000250e+02
-5.000000000000000000e+02
-4.603899999999999864e+02
-2.097500000000000000e+02
-4.536899999999999977e+02
-2.939200000000000159e+02
-2.398899999999999864e+02
-3.051899999999999977e+02
-1.742500000000000000e+02
-2.724800000000000182e+02
