-5.000000000000000000e+02
-5.000000000000000000e+02
-5.000000000000000000e+02
-5.000000000000000000e+02
-5.000000000000000000e+02
-4.992699999999999818e+02
-5.000000000000000000e+02
-4.911399999999999864e+02
-4.748999999999999773e+02
-4.760099999999999909e+02
-4.853399999999999750e+02
-4.416499999999999773e+02
-4.218000000000000114e+02
-4.460799999999999841e+02
-2.619399999999999977e+02
-3.301000000000000227e+02
-2.432100000000000080e+02
-2.821299999999999955e+02
-2.709900000000000091e+02
-2.990400000000000205e+02
