-5.000000000000000000e+02
-5.000000000000000000e+02
-5.000000000000000000e+02
-5.000000000000000000e+02
-4.998000000000000114e+02
-5.000000000000000000e+02
-4.987200000000000273e+02
-5.000000000000000000e+02
-4.970199999999999818e+02
-4.988100000000000023e+02
-5.000000000000000000e+02
-4.623700000000000045e+02
-4.138000000000000114e+02
-4.550099999999999909e+02
-2.922400000000000091e+02
-3.635099999999999909e+02
-3.531999999999999886e+02
-4.865400000000000205e+02
-3.666399999999999864e+02
-4.371499999999999773e+02
