-4.867599999999999909e+02
-4.748199999999999932e+02
-5.000000000000000000e+02
-4.763899999999999864e+02
-4.651800000000000068e+02
-5.000000000000000000e+02
-4.797500000000000000e+02
-4.963700000000000045e+02
-3.967500000000000000e+02
-5.000000000000000000e+02
-4.988399999999999750e+02
-4.553799999999999955e+02
-3.376800000000000068e+02
-2.749599999999999795e+02
-3.191899999999999977e+02
-2.260000000000000000e+02
-3.347099999999999795e+02
-5.000000000000000000e+02
-4.891200000000000045e+02
-1.548100000000000023e+02
