-5.000000000000000000e+02
-4.886999999999999886e+02
-4.992400000000000091e+02
-5.000000000000000000e+02
-5.000000000000000000e+02
-5.000000000000000000e+02
-5.000000000000000000e+02
-5.000000000000000000e+02
-5.000000000000000000e+02
-4.992599999999999909e+02
-4.244599999999999795e+02
-5.000000000000000000e+02
-4.998799999999999955e+02
-4.989800000000000182e+02
-1.609799999999999898e+02
-4.573000000000000114e+02
-2.282500000000000000e+02
-2.358700000000000045e+02
-4.752699999999999818e+02
-2.453400000000000034e+02
