-4.977900000000000205e+02
-5.000000000000000000e+02
-4.950199999999999818e+02
-4.975000000000000000e+02
-4.858100000000000023e+02
-4.164499999999999886e+02
-3.060299999999999727e+02
-4.896299999999999955e+02
-4.863299999999999841e+02
-4.973299999999999841e+02
-4.977200000000000273e+02
-3.388500000000000227e+02
-3.415799999999999841e+02
-4.784900000000000091e+02
-2.501999999999999886e+02
-2.174300000000000068e+02
-1.673300000000000125e+02
-2.689300000000000068e+02
-2.946999999999999886e+02
-2.218600000000000136e+02
