-4.902200000000000273e+02
-5.000000000000000000e+02
-5.000000000000000000e+02
-4.996399999999999864e+02
-5.000000000000000000e+02
-4.737699999999999818e+02
-4.921299999999999955e+02
-4.619399999999999977e+02
-4.579900000000000091e+02
-2.688000000000000114e+02
-4.990299999999999727e+02
-5.000000000000000000e+02
-4.057900000000000205e+02
-1.727899999999999920e+02
-4.888000000000000114e+02
-4.975799999999999841e+02
-3.854100000000000250e+02
-4.975000000000000000e+02
-4.311999999999999886e+02
-4.903799999999999955e+02
