-4.991499999999999773e+02
-5.000000000000000000e+02
-4.948199999999999932e+02
-4.983500000000000227e+02
-4.995799999999999841e+02
-5.000000000000000000e+02
-5.000000000000000000e+02
-5.000000000000000000e+02
-4.992599999999999909e+02
-4.618000000000000114e+02
-4.933700000000000045e+02
-3.944599999999999795e+02
-4.610799999999999841e+02
-4.373100000000000023e+02
-4.663799999999999955e+02
-2.087299999999999898e+02
-3.876100000000000136e+02
-3.046899999999999977e+02
-4.032599999999999909e+02
-1.506399999999999864e+02
