-4.965400000000000205e+02
-5.000000000000000000e+02
-5.000000000000000000e+02
-5.000000000000000000e+02
-5.000000000000000000e+02
-5.000000000000000000e+02
-5.000000000000000000e+02
-5.000000000000000000e+02
-5.000000000000000000e+02
-5.000000000000000000e+02
-5.000000000000000000e+02
-5.000000000000000000e+02
-4.637500000000000000e+02
-1.387100000000000080e+02
-1.751999999999999886e+02
-3.866499999999999773e+02
-3.152200000000000273e+02
-3.150500000000000114e+02
-2.236800000000000068e+02
-2.581800000000000068e+02
