-5.000000000000000000e+02
-5.000000000000000000e+02
-5.000000000000000000e+02
-5.000000000000000000e+02
-4.676700000000000159e+02
-4.530400000000000205e+02
-5.000000000000000000e+02
-4.953000000000000114e+02
-5.000000000000000000e+02
-4.987300000000000182e+02
-4.729499999999999886e+02
-3.266399999999999864e+02
-4.346999999999999886e+02
-4.722200000000000273e+02
-4.700199999999999818e+02
-4.932599999999999909e+02
-1.449900000000000091e+02
-3.250199999999999818e+02
-4.272500000000000000e+02
-4.599499999999999886e+02
