-5.000000000000000000e+02
-5.000000000000000000e+02
-5.000000000000000000e+02
-5.000000000000000000e+02
-4.918799999999999955e+02
-4.641000000000000227e+02
-4.687900000000000205e+02
-4.979399999999999977e+02
-4.993999999999999773e+02
-4.547900000000000205e+02
-4.969300000000000068e+02
-2.704300000000000068e+02
-4.209300000000000068e+02
-1.984600000000000080e+02
-3.869700000000000273e+02
-4.413100000000000023e+02
-4.618600000000000136e+02
-3.021700000000000159e+02
-1.795999999999999943e+02
-4.292500000000000000e+02
