-5.000000000000000000e+02
-5.000000000000000000e+02
-5.000000000000000000e+02
-4.973399999999999750e+02
-4.856999999999999886e+02
-5.000000000000000000e+02
-5.000000000000000000e+02
-4.653899999999999864e+02
-5.000000000000000000e+02
-4.653500000000000227e+02
-2.666499999999999773e+02
-4.750400000000000205e+02
-2.019799999999999898e+02
-3.187699999999999818e+02
-4.859300000000000068e+02
-3.593100000000000023e+02
-2.416599999999999966e+02
-4.720299999999999727e+02
-4.712200000000000273e+02
-2.756299999999999955e+02
