-4.997500000000000000e+02
-5.000000000000000000e+02
-5.000000000000000000e+02
-4.994700000000000273e+02
-4.960799999999999841e+02
-4.987599999999999909e+02
-4.908899999999999864e+02
-5.000000000000000000e+02
-4.941800000000000068e+02
-4.643500000000000227e+02
-4.184800000000000182e+02
-4.992500000000000000e+02
-2.160500000000000114e+02
-4.358600000000000136e+02
-1.850800000000000125e+02
-5.000000000000000000e+02
-2.677300000000000182e+02
-3.800400000000000205e+02
-4.407400000000000091e+02
-1.989699999999999989e+02
