-5.000000000000000000e+02
-4.982200000000000273e+02
-4.981399999999999864e+02
-4.998299999999999841e+02
-4.947500000000000000e+02
-4.957799999999999727e+02
-5.000000000000000000e+02
-4.998100000000000023e+02
-4.974800000000000182e+02
-4.995699999999999932e+02
-4.418100000000000023e+02
-2.605600000000000023e+02
-4.995600000000000023e+02
-2.985199999999999818e+02
-4.269700000000000273e+02
-3.611800000000000068e+02
-4.689200000000000159e+02
-4.628399999999999750e+02
-2.571499999999999773e+02
-4.832200000000000273e+02
