-4.850299999999999727e+02
-4.954900000000000091e+02
-4.962099999999999795e+02
-4.931100000000000136e+02
-5.000000000000000000e+02
-4.990699999999999932e+02
-5.000000000000000000e+02
-5.000000000000000000e+02
-4.989100000000000250e+02
-4.959700000000000273e+02
-4.875699999999999932e+02
-4.216299999999999955e+02
-5.000000000000000000e+02
-4.953899999999999864e+02
-4.751399999999999864e+02
-4.926600000000000250e+02
-4.406600000000000250e+02
-4.974900000000000091e+02
-4.082400000000000091e+02
-4.879399999999999977e+02
