-5.000000000000000000e+02
-5.000000000000000000e+02
-5.000000000000000000e+02
-5.000000000000000000e+02
-5.000000000000000000e+02
-4.785199999999999818e+02
-5.000000000000000000e+02
-4.992599999999999909e+02
-4.967900000000000205e+02
-4.922699999999999818e+02
-4.156700000000000159e+02
-4.913199999999999932e+02
-4.821299999999999955e+02
-4.800099999999999909e+02
-2.766700000000000159e+02
-4.109300000000000068e+02
-3.281600000000000250e+02
-2.484399999999999977e+02
-3.998299999999999841e+02
-2.086999999999999886e+02
