-4.940899999999999750e+02
-5.000000000000000000e+02
-5.000000000000000000e+02
-5.000000000000000000e+02
-5.000000000000000000e+02
-4.724599999999999795e+02
-5.000000000000000000e+02
-4.741299999999999955e+02
-5.000000000000000000e+02
-3.074900000000000091e+02
-3.274300000000000068e+02
-5.000000000000000000e+02
-5.000000000000000000e+02
-4.844599999999999795e+02
-5.000000000000000000e+02
-2.186399999999999864e+02
-1.933700000000000045e+02
-1.631299999999999955e+02
-1.039800000000000040e+02
-2.084199999999999875e+02
