-4.991499999999999773e+02
-5.000000000000000000e+02
-4.994200000000000159e+02
-5.000000000000000000e+02
-5.000000000000000000e+02
-5.000000000000000000e+02
-4.990199999999999818e+02
-4.979700000000000273e+02
-5.000000000000000000e+02
-4.855899999999999750e+02
-4.909100000000000250e+02
-4.690099999999999909e+02
-5.000000000000000000e+02
-5.000000000000000000e+02
-4.986499999999999773e+02
-4.972699999999999818e+02
-3.941499999999999773e+02
-4.512500000000000000e+02
-4.986800000000000068e+02
-4.831299999999999955e+02
