-5.000000000000000000e+02
-5.000000000000000000e+02
-4.969300000000000068e+02
-5.000000000000000000e+02
-4.973000000000000114e+02
-3.087599999999999909e+02
-4.922200000000000273e+02
-4.877300000000000182e+02
-4.379300000000000068e+02
-4.913100000000000023e+02
-3.698899999999999864e+02
-2.464799999999999898e+02
-4.579399999999999977e+02
-4.392799999999999727e+02
-2.150900000000000034e+02
-4.391299999999999955e+02
-2.581899999999999977e+02
-4.905199999999999818e+02
-5.000000000000000000e+02
-3.729800000000000182e+02
