-5.000000000000000000e+02
-5.000000000000000000e+02
-4.991499999999999773e+02
-5.000000000000000000e+02
-4.452699999999999818e+02
-5.000000000000000000e+02
-2.492899999999999920e+02
-2.185800000000000125e+02
-1.908899999999999864e+02
-1.442800000000000011e+02
-4.453700000000000045e+02
-2.646899999999999977e+02
-4.784399999999999977e+02
-3.268100000000000023e+02
-3.098000000000000114e+02
-4.907099999999999795e+02
-2.979399999999999977e+02
-3.929800000000000182e+02
-2.220399999999999920e+02
-5.000000000000000000e+02
