-4.980199999999999818e+02
-5.000000000000000000e+02
-5.000000000000000000e+02
-5.000000000000000000e+02
-4.895600000000000023e+02
-4.709100000000000250e+02
-4.808399999999999750e+02
-4.742300000000000182e+02
-4.816299999999999955e+02
-4.840199999999999818e+02
-4.792300000000000182e+02
-4.779900000000000091e+02
-4.933199999999999932e+02
-4.785699999999999932e+02
-4.245400000000000205e+02
-4.468299999999999841e+02
-3.730000000000000000e+02
-4.425600000000000023e+02
-2.975199999999999818e+02
-3.254900000000000091e+02
