-5.000000000000000000e+02
-5.000000000000000000e+02
-5.000000000000000000e+02
-5.000000000000000000e+02
-5.000000000000000000e+02
-5.000000000000000000e+02
-4.886899999999999977e+02
-4.943299999999999841e+02
-4.978500000000000227e+02
-4.036999999999999886e+02
-4.935699999999999932e+02
-4.060299999999999727e+02
-2.092100000000000080e+02
-3.657300000000000182e+02
-4.073299999999999841e+02
-4.815899999999999750e+02
-2.360699999999999932e+02
-3.109399999999999977e+02
-1.492599999999999909e+02
-5.000000000000000000e+02
