-5.000000000000000000e+02
-5.000000000000000000e+02
-4.983799999999999955e+02
-5.000000000000000000e+02
-5.000000000000000000e+02
-4.966700000000000159e+02
-5.000000000000000000e+02
-5.000000000000000000e+02
-4.839100000000000250e+02
-4.912200000000000273e+02
-4.878000000000000114e+02
-4.988100000000000023e+02
-4.957500000000000000e+02
-4.828399999999999750e+02
-5.000000000000000000e+02
-4.455400000000000205e+02
-4.474399999999999977e+02
-3.282699999999999818e+02
-2.723100000000000023e+02
-2.773500000000000227e+02
