-5.000000000000000000e+02
-4.974100000000000250e+02
-4.815799999999999841e+02
-5.000000000000000000e+02
-4.958299999999999841e+02
-5.000000000000000000e+02
-5.000000000000000000e+02
-4.844800000000000182e+02
-4.665299999999999727e+02
-4.987799999999999727e+02
-4.095299999999999727e+02
-3.618500000000000227e+02
-4.025000000000000000e+02
-4.989900000000000091e+02
-4.497599999999999909e+02
-3.619100000000000250e+02
-4.771499999999999773e+02
-5.000000000000000000e+02
-4.705000000000000000e+02
-4.862200000000000273e+02
