-5.000000000000000000e+02
-5.000000000000000000e+02
-4.966899999999999977e+02
-4.959200000000000159e+02
-4.225199999999999818e+02
-5.000000000000000000e+02
-4.990899999999999750e+02
-4.604900000000000091e+02
-2.649300000000000068e+02
-4.687400000000000091e+02
-4.539499999999999886e+02
-3.840000000000000000e+02
-4.087900000000000205e+02
-3.354200000000000159e+02
-4.990799999999999841e+02
-4.498500000000000227e+02
-4.997300000000000182e+02
-2.533799999999999955e+02
-4.750000000000000000e+02
-5.000000000000000000e+02
