-5.000000000000000000e+02
-5.000000000000000000e+02
-5.000000000000000000e+02
-4.579599999999999795e+02
-5.000000000000000000e+02
-5.000000000000000000e+02
-4.873199999999999932e+02
-5.000000000000000000e+02
-3.896600000000000250e+02
-4.998100000000000023e+02
-4.591800000000000068e+02
-4.879100000000000250e+02
-2.844900000000000091e+02
-2.990000000000000000e+02
-4.570699999999999932e+02
-4.599300000000000068e+02
-5.000000000000000000e+02
-2.348300000000000125e+02
-4.524100000000000250e+02
-2.695600000000000023e+02
