-5.000000000000000000e+02
-5.000000000000000000e+02
-5.000000000000000000e+02
-5.000000000000000000e+02
-5.000000000000000000e+02
-5.000000000000000000e+02
-4.976200000000000045e+02
-4.858000000000000114e+02
-4.833399999999999750e+02
-5.000000000000000000e+02
-4.613999999999999773e+02
-5.000000000000000000e+02
-4.963000000000000114e+02
-4.859700000000000273e+02
-4.908399999999999750e+02
-3.109499999999999886e+02
-4.516200000000000045e+02
-4.109399999999999977e+02
-4.585299999999999727e+02
-5.000000000000000000e+02
