-4.867599999999999909e+02
-5.000000000000000000e+02
-5.000000000000000000e+02
-5.000000000000000000e+02
-4.947300000000000182e+02
-4.806600000000000250e+02
-3.039800000000000182e+02
-4.325299999999999727e+02
-4.974499999999999886e+02
-3.814499999999999886e+02
-3.239499999999999886e+02
-3.763299999999999841e+02
-3.049399999999999977e+02
-2.499900000000000091e+02
-3.298600000000000136e+02
-4.250500000000000114e+02
-2.043499999999999943e+02
-4.982900000000000205e+02
-1.223900000000000006e+02
-4.003000000000000114e+02
