-5.000000000000000000e+02
-4.976899999999999977e+02
-4.996999999999999886e+02
-4.998299999999999841e+02
-4.999700000000000273e+02
-4.983500000000000227e+02
-5.000000000000000000e+02
-5.000000000000000000e+02
-5.000000000000000000e+02
-4.961299999999999955e+02
-3.206800000000000068e+02
-4.986999999999999886e+02
-2.262700000000000102e+02
-3.810099999999999909e+02
-2.261599999999999966e+02
-4.882400000000000091e+02
-3.281200000000000045e+02
-4.461100000000000136e+02
-2.324099999999999966e+02
-4.623199999999999932e+02
