-5.000000000000000000e+02
-4.968899999999999864e+02
-4.796200000000000045e+02
-4.992799999999999727e+02
-4.985400000000000205e+02
-4.438700000000000045e+02
-4.974100000000000250e+02
-4.593899999999999864e+02
-3.354300000000000068e+02
-3.188999999999999773e+02
-2.371800000000000068e+02
-2.047299999999999898e+02
-3.131399999999999864e+02
-1.836999999999999886e+02
-1.904300000000000068e+02
-3.687099999999999795e+02
-3.731499999999999773e+02
-3.624300000000000068e+02
-5.000000000000000000e+02
-1.385500000000000114e+02
