-5.000000000000000000e+02
-4.057900000000000205e+02
-4.801499999999999773e+02
-4.704300000000000068e+02
-4.955699999999999932e+02
-5.000000000000000000e+02
-5.000000000000000000e+02
-5.000000000000000000e+02
-5.000000000000000000e+02
-4.744499999999999886e+02
-5.000000000000000000e+02
-5.000000000000000000e+02
-5.000000000000000000e+02
-5.000000000000000000e+02
-5.000000000000000000e+02
-4.158700000000000045e+02
-4.918100000000000023e+02
-2.233600000000000136e+02
-1.354699999999999989e+02
-1.106899999999999977e+02
