-5.000000000000000000e+02
-5.000000000000000000e+02
-5.000000000000000000e+02
-4.903999999999999773e+02
-5.000000000000000000e+02
-4.935899999999999750e+02
-5.000000000000000000e+02
-5.000000000000000000e+02
-4.473899999999999864e+02
-5.000000000000000000e+02
-5.000000000000000000e+02
-4.880899999999999750e+02
-5.000000000000000000e+02
-2.394699999999999989e+02
-4.217599999999999909e+02
-2.663000000000000114e+02
-3.043999999999999773e+02
-3.190299999999999727e+02
-3.610299999999999727e+02
-2.308899999999999864e+02
