-5.000000000000000000e+02
-5.000000000000000000e+02
-5.000000000000000000e+02
-4.883100000000000023e+02
-5.000000000000000000e+02
-5.000000000000000000e+02
-4.991399999999999864e+02
-4.389399999999999977e+02
-4.653299999999999841e+02
-4.098000000000000114e+02
-3.838600000000000136e+02
-4.733000000000000114e+02
-4.915199999999999818e+02
-4.874300000000000068e+02
-4.319200000000000159e+02
-4.566700000000000159e+02
-3.351600000000000250e+02
-4.703899999999999864e+02
-4.175099999999999909e+02
-2.311299999999999955e+02
