-5.000000000000000000e+02
-5.000000000000000000e+02
-5.000000000000000000e+02
-4.991399999999999864e+02
-4.627599999999999909e+02
-4.881000000000000227e+02
-4.733299999999999841e+02
-4.594700000000000273e+02
-3.845799999999999841e+02
-4.342099999999999795e+02
-2.743700000000000045e+02
-2.487100000000000080e+02
-3.972200000000000273e+02
-4.971899999999999977e+02
-3.601899999999999977e+02
-3.008199999999999932e+02
-4.308899999999999864e+02
-3.101000000000000227e+02
-4.774300000000000068e+02
-2.114499999999999886e+02
