-5.000000000000000000e+02
-5.000000000000000000e+02
-4.985099999999999909e+02
-5.000000000000000000e+02
-5.000000000000000000e+02
-4.995199999999999818e+02
-5.000000000000000000e+02
-4.923700000000000045e+02
-4.980299999999999727e+02
-4.764100000000000250e+02
-4.970600000000000023e+02
-4.379599999999999795e+02
-3.438600000000000136e+02
-3.065000000000000000e+02
-3.179700000000000273e+02
-3.565600000000000023e+02
-4.088500000000000227e+02
-4.305899999999999750e+02
-3.166999999999999886e+02
-2.517400000000000091e+02
