-4.892200000000000273e+02
-4.983799999999999955e+02
-5.000000000000000000e+02
-5.000000000000000000e+02
-5.000000000000000000e+02
-5.000000000000000000e+02
-5.000000000000000000e+02
-4.677200000000000273e+02
-5.000000000000000000e+02
-4.995799999999999841e+02
-5.000000000000000000e+02
-4.490899999999999750e+02
-4.055400000000000205e+02
-2.248899999999999864e+02
-1.392800000000000011e+02
-1.704399999999999977e+02
-3.196999999999999886e+02
-3.441000000000000227e+02
-3.156299999999999955e+02
-4.932200000000000273e+02
