-4.919700000000000273e+02
-5.000000000000000000e+02
-5.000000000000000000e+02
-4.782200000000000273e+02
-4.338899999999999864e+02
-4.782200000000000273e+02
-5.000000000000000000e+02
-3.698500000000000227e+02
-4.960699999999999932e+02
-4.584499999999999886e+02
-5.000000000000000000e+02
-4.058500000000000227e+02
-3.240600000000000023e+02
-2.958399999999999750e+02
-4.958600000000000136e+02
-2.666000000000000227e+02
-3.735199999999999818e+02
-1.716999999999999886e+02
-2.780199999999999818e+02
-5.000000000000000000e+02
