-5.000000000000000000e+02
-5.000000000000000000e+02
-5.000000000000000000e+02
-4.971399999999999864e+02
-5.000000000000000000e+02
-5.000000000000000000e+02
-5.000000000000000000e+02
-4.960199999999999818e+02
-4.706899999999999977e+02
-4.975899999999999750e+02
-4.105799999999999841e+02
-4.403700000000000045e+02
-4.826800000000000068e+02
-4.526299999999999955e+02
-2.604200000000000159e+02
-4.240299999999999727e+02
-4.590799999999999841e+02
-4.941499999999999773e+02
-3.725000000000000000e+02
-4.612300000000000182e+02
