-4.991499999999999773e+02
-5.000000000000000000e+02
-4.958199999999999932e+02
-5.000000000000000000e+02
-5.000000000000000000e+02
-4.940899999999999750e+02
-4.877200000000000273e+02
-4.996299999999999955e+02
-4.894499999999999886e+02
-4.579200000000000159e+02
-4.903399999999999750e+02
-4.896899999999999977e+02
-4.531700000000000159e+02
-2.126800000000000068e+02
-1.728899999999999864e+02
-2.011500000000000057e+02
-3.668500000000000227e+02
-2.703899999999999864e+02
-3.666399999999999864e+02
-3.334100000000000250e+02
