-5.000000000000000000e+02
-5.000000000000000000e+02
-5.000000000000000000e+02
-5.000000000000000000e+02
-4.997099999999999795e+02
-4.958799999999999955e+02
-4.371200000000000045e+02
-5.000000000000000000e+02
-4.383299999999999841e+02
-4.454700000000000273e+02
-3.747200000000000273e+02
-3.204499999999999886e+02
-3.795899999999999750e+02
-4.210000000000000000e+02
-3.511299999999999955e+02
-2.670000000000000000e+02
-3.068000000000000114e+02
-3.643500000000000227e+02
-2.178400000000000034e+02
-2.468499999999999943e+02
