-5.000000000000000000e+02
-5.000000000000000000e+02
-5.000000000000000000e+02
-5.000000000000000000e+02
-5.000000000000000000e+02
-3.814599999999999795e+02
-5.000000000000000000e+02
-4.975199999999999818e+02
-5.000000000000000000e+02
-4.974599999999999795e+02
-4.617200000000000273e+02
-3.642900000000000205e+02
-3.335400000000000205e+02
-4.328000000000000114e+02
-3.692400000000000091e+02
-4.065600000000000023e+02
-2.960099999999999909e+02
-3.303700000000000045e+02
-4.654800000000000182e+02
-2.545099999999999909e+02
