-4.931999999999999886e+02
-2.800199999999999818e+02
-5.000000000000000000e+02
-4.994100000000000250e+02
-5.000000000000000000e+02
-5.000000000000000000e+02
-3.185699999999999932e+02
-5.000000000000000000e+02
-4.131899999999999977e+02
-2.188100000000000023e+02
-1.549300000000000068e+02
-1.221299999999999955e+02
-4.193899999999999864e+02
-1.685900000000000034e+02
-1.127699999999999960e+02
-5.000000000000000000e+02
-5.000000000000000000e+02
-5.000000000000000000e+02
-3.486899999999999977e+02
-5.000000000000000000e+02
