-5.000000000000000000e+02
-4.853999999999999773e+02
-4.900099999999999909e+02
-4.987300000000000182e+02
-4.987300000000000182e+02
-4.918899999999999864e+02
-5.000000000000000000e+02
-4.948000000000000114e+02
-4.641200000000000045e+02
-3.826100000000000136e+02
-4.991999999999999886e+02
-4.517500000000000000e+02
-1.923700000000000045e+02
-1.868000000000000114e+02
-1.612800000000000011e+02
-1.801999999999999886e+02
-2.120200000000000102e+02
-3.931299999999999955e+02
-2.314099999999999966e+02
-4.179800000000000182e+02
