-5.000000000000000000e+02
-5.000000000000000000e+02
-5.000000000000000000e+02
-5.000000000000000000e+02
-5.000000000000000000e+02
-4.995500000000000114e+02
-4.693199999999999932e+02
-4.950600000000000023e+02
-5.000000000000000000e+02
-4.637900000000000205e+02
-3.873199999999999932e+02
-2.364199999999999875e+02
-4.791899999999999977e+02
-4.508700000000000045e+02
-2.045999999999999943e+02
-3.106399999999999864e+02
-3.489300000000000068e+02
-3.161499999999999773e+02
-2.097299999999999898e+02
-2.538100000000000023e+02
