-4.984499999999999886e+02
-4.985299999999999727e+02
-5.000000000000000000e+02
-5.000000000000000000e+02
-4.994800000000000182e+02
-4.971800000000000068e+02
-4.851499999999999773e+02
-4.675199999999999818e+02
-2.423400000000000034e+02
-3.753600000000000136e+02
-4.970799999999999841e+02
-1.948799999999999955e+02
-4.907099999999999795e+02
-4.066899999999999977e+02
-4.519100000000000250e+02
-3.146499999999999773e+02
-4.921499999999999773e+02
-1.519199999999999875e+02
-3.907300000000000182e+02
-3.628799999999999955e+02
