-5.000000000000000000e+02
-4.983899999999999864e+02
-4.578199999999999932e+02
-5.000000000000000000e+02
-5.000000000000000000e+02
-5.000000000000000000e+02
-4.706299999999999955e+02
-4.873000000000000114e+02
-4.081800000000000068e+02
-3.830799999999999841e+02
-4.985799999999999841e+02
-2.173899999999999864e+02
-3.016800000000000068e+02
-4.956600000000000250e+02
-3.532300000000000182e+02
-2.945500000000000114e+02
-4.861200000000000045e+02
-2.357100000000000080e+02
-4.887200000000000273e+02
-3.785299999999999727e+02
