-5.000000000000000000e+02
-5.000000000000000000e+02
-5.000000000000000000e+02
-5.000000000000000000e+02
-4.991999999999999886e+02
-5.000000000000000000e+02
-5.000000000000000000e+02
-4.987799999999999727e+02
-4.980600000000000023e+02
-5.000000000000000000e+02
-4.861399999999999864e+02
-5.000000000000000000e+02
-4.814399999999999977e+02
-4.760099999999999909e+02
-2.879100000000000250e+02
-4.002500000000000000e+02
-4.554300000000000068e+02
-3.372699999999999818e+02
-5.000000000000000000e+02
-3.330299999999999727e+02
