-5.000000000000000000e+02
-5.000000000000000000e+02
-5.000000000000000000e+02
-5.000000000000000000e+02
-4.977099999999999795e+02
-4.998299999999999841e+02
-4.372900000000000205e+02
-4.369300000000000068e+02
-4.559100000000000250e+02
-4.162300000000000182e+02
-3.295500000000000114e+02
-3.851600000000000250e+02
-2.534799999999999898e+02
-4.967200000000000273e+02
-2.800099999999999909e+02
-3.881000000000000227e+02
-4.560400000000000205e+02
-4.956100000000000136e+02
-4.132400000000000091e+02
-4.178399999999999750e+02
