-5.000000000000000000e+02
-5.000000000000000000e+02
-4.941000000000000227e+02
-4.067300000000000182e+02
-3.180099999999999909e+02
-5.000000000000000000e+02
-5.000000000000000000e+02
-5.000000000000000000e+02
-5.000000000000000000e+02
-4.900699999999999932e+02
-5.000000000000000000e+02
-1.599300000000000068e+02
-5.000000000000000000e+02
-9.345000000000000284e+01
-1.058299999999999983e+02
-2.657200000000000273e+02
-1.438799999999999955e+02
-2.887599999999999909e+02
-4.966800000000000068e+02
-5.000000000000000000e+02
