-5.000000000000000000e+02
-5.000000000000000000e+02
-4.861700000000000159e+02
-4.972900000000000205e+02
-4.914300000000000068e+02
-4.994599999999999795e+02
-5.000000000000000000e+02
-4.967200000000000273e+02
-4.969100000000000250e+02
-3.888500000000000227e+02
-5.000000000000000000e+02
-4.585899999999999750e+02
-4.659800000000000182e+02
-5.000000000000000000e+02
-4.144399999999999977e+02
-3.143000000000000114e+02
-2.045800000000000125e+02
-4.748799999999999955e+02
-2.970699999999999932e+02
-3.452500000000000000e+02
