-5.000000000000000000e+02
-4.991100000000000136e+02
-5.000000000000000000e+02
-5.000000000000000000e+02
-5.000000000000000000e+02
-5.000000000000000000e+02
-5.000000000000000000e+02
-4.641100000000000136e+02
-4.736999999999999886e+02
-4.942900000000000205e+02
-3.645600000000000023e+02
-3.359900000000000091e+02
-4.837699999999999818e+02
-2.183700000000000045e+02
-4.041299999999999955e+02
-2.049000000000000057e+02
-4.190199999999999818e+02
-1.840999999999999943e+02
-4.753399999999999750e+02
-4.801600000000000250e+02
