-5.000000000000000000e+02
-5.000000000000000000e+02
-4.911299999999999955e+02
-4.978799999999999955e+02
-4.999700000000000273e+02
-5.000000000000000000e+02
-5.000000000000000000e+02
-4.973100000000000023e+02
-4.168399999999999750e+02
-5.000000000000000000e+02
-2.556200000000000045e+02
-3.916000000000000227e+02
-5.000000000000000000e+02
-4.805500000000000114e+02
-3.149700000000000273e+02
-3.926399999999999864e+02
-3.503199999999999932e+02
-4.580899999999999750e+02
-4.288799999999999955e+02
-5.000000000000000000e+02
