-5.000000000000000000e+02
-5.000000000000000000e+02
-4.995500000000000114e+02
-5.000000000000000000e+02
-5.000000000000000000e+02
-5.000000000000000000e+02
-4.995199999999999818e+02
-4.988199999999999932e+02
-4.273100000000000023e+02
-3.591100000000000136e+02
-4.056700000000000159e+02
-5.000000000000000000e+02
-4.651299999999999955e+02
-1.747400000000000091e+02
-4.881000000000000227e+02
-2.576999999999999886e+02
-4.249300000000000068e+02
-4.017099999999999795e+02
-1.895800000000000125e+02
-3.771999999999999886e+02
