-5.000000000000000000e+02
-5.000000000000000000e+02
-5.000000000000000000e+02
-5.000000000000000000e+02
-3.515799999999999841e+02
-4.516800000000000068e+02
-5.000000000000000000e+02
-2.075699999999999932e+02
-2.363700000000000045e+02
-3.769100000000000250e+02
-4.755500000000000114e+02
-5.000000000000000000e+02
-1.762100000000000080e+02
-4.528399999999999750e+02
-4.461399999999999864e+02
-1.332899999999999920e+02
-2.521899999999999977e+02
-1.327199999999999989e+02
-2.633299999999999841e+02
-2.524300000000000068e+02
