-5.000000000000000000e+02
-5.000000000000000000e+02
-5.000000000000000000e+02
-4.997500000000000000e+02
-4.991700000000000159e+02
-4.846999999999999886e+02
-5.000000000000000000e+02
-5.000000000000000000e+02
-5.000000000000000000e+02
-4.770400000000000205e+02
-4.508600000000000136e+02
-4.710199999999999818e+02
-4.978999999999999773e+02
-3.668199999999999932e+02
-3.461299999999999955e+02
-2.371100000000000136e+02
-2.082599999999999909e+02
-3.720600000000000023e+02
-2.213799999999999955e+02
-4.645899999999999750e+02
