-5.000000000000000000e+02
-4.995699999999999932e+02
-5.000000000000000000e+02
-5.000000000000000000e+02
-4.999499999999999886e+02
-4.506700000000000159e+02
-4.152200000000000273e+02
-4.146499999999999773e+02
-2.780799999999999841e+02
-4.506399999999999864e+02
-4.644399999999999977e+02
-5.000000000000000000e+02
-4.654800000000000182e+02
-5.000000000000000000e+02
-4.014499999999999886e+02
-3.800299999999999727e+02
-2.363799999999999955e+02
-4.666999999999999886e+02
-4.031100000000000136e+02
-4.415199999999999818e+02
