-5.000000000000000000e+02
-5.000000000000000000e+02
-5.000000000000000000e+02
-5.000000000000000000e+02
-5.000000000000000000e+02
-5.000000000000000000e+02
-5.000000000000000000e+02
-5.000000000000000000e+02
-5.000000000000000000e+02
-5.000000000000000000e+02
-5.000000000000000000e+02
-4.678999999999999773e+02
-4.763600000000000136e+02
-4.799300000000000068e+02
-1.833199999999999932e+02
-3.926499999999999773e+02
-2.748700000000000045e+02
-4.638299999999999841e+02
-1.403600000000000136e+02
-2.294300000000000068e+02
