-5.000000000000000000e+02
-5.000000000000000000e+02
-5.000000000000000000e+02
-4.998600000000000136e+02
-5.000000000000000000e+02
-4.995699999999999932e+02
-4.876299999999999955e+02
-3.986999999999999886e+02
-4.994399999999999977e+02
-4.447500000000000000e+02
-4.186100000000000136e+02
-4.937699999999999818e+02
-2.687099999999999795e+02
-3.517500000000000000e+02
-3.514499999999999886e+02
-5.000000000000000000e+02
-2.903500000000000227e+02
-4.576100000000000136e+02
-2.455200000000000102e+02
-2.081800000000000068e+02
