-5.000000000000000000e+02
-5.000000000000000000e+02
-5.000000000000000000e+02
-5.000000000000000000e+02
-5.000000000000000000e+02
-4.632599999999999909e+02
-5.000000000000000000e+02
-2.936399999999999864e+02
-5.000000000000000000e+02
-5.000000000000000000e+02
-4.866000000000000227e+02
-5.000000000000000000e+02
-2.717799999999999727e+02
-4.979100000000000250e+02
-2.332700000000000102e+02
-3.358999999999999773e+02
-1.910000000000000000e+02
-3.935500000000000114e+02
-4.215500000000000114e+02
-4.601499999999999773e+02
