-5.000000000000000000e+02
-5.000000000000000000e+02
-4.960699999999999932e+02
-3.740600000000000023e+02
-4.588000000000000114e+02
-4.434300000000000068e+02
-4.925699999999999932e+02
-4.998100000000000023e+02
-4.979200000000000159e+02
-4.638600000000000136e+02
-3.312099999999999795e+02
-4.114200000000000159e+02
-2.437899999999999920e+02
-2.491999999999999886e+02
-2.096100000000000136e+02
-3.228199999999999932e+02
-4.995099999999999909e+02
-3.817599999999999909e+02
-3.495699999999999932e+02
-1.615099999999999909e+02
