-5.000000000000000000e+02
-5.000000000000000000e+02
-4.992699999999999818e+02
-5.000000000000000000e+02
-4.995299999999999727e+02
-4.956299999999999955e+02
-4.975600000000000023e+02
-4.865600000000000023e+02
-4.349900000000000091e+02
-4.769499999999999886e+02
-4.132900000000000205e+02
-4.022200000000000273e+02
-4.322400000000000091e+02
-3.442200000000000273e+02
-4.237799999999999727e+02
-3.558600000000000136e+02
-3.363999999999999773e+02
-4.701499999999999773e+02
-4.511299999999999955e+02
-2.208100000000000023e+02
