-4.940899999999999750e+02
-5.000000000000000000e+02
-4.981100000000000136e+02
-5.000000000000000000e+02
-4.985600000000000023e+02
-4.991899999999999977e+02
-4.861899999999999977e+02
-4.008399999999999750e+02
-4.908100000000000023e+02
-4.542799999999999727e+02
-4.891399999999999864e+02
-4.903399999999999750e+02
-4.560099999999999909e+02
-3.189900000000000091e+02
-3.002799999999999727e+02
-3.124200000000000159e+02
-2.686899999999999977e+02
-3.298000000000000114e+02
-3.890899999999999750e+02
-2.228100000000000023e+02
