-5.000000000000000000e+02
-5.000000000000000000e+02
-5.000000000000000000e+02
-5.000000000000000000e+02
-4.924599999999999795e+02
-5.000000000000000000e+02
-5.000000000000000000e+02
-5.000000000000000000e+02
-4.294900000000000091e+02
-4.835299999999999727e+02
-2.927599999999999909e+02
-2.052800000000000011e+02
-4.232300000000000182e+02
-4.366800000000000068e+02
-4.425600000000000023e+02
-5.000000000000000000e+02
-2.600400000000000205e+02
-5.000000000000000000e+02
-4.844300000000000068e+02
-3.178199999999999932e+02
