-5.000000000000000000e+02
-5.000000000000000000e+02
-4.905899999999999750e+02
-4.992599999999999909e+02
-4.989900000000000091e+02
-3.967200000000000273e+02
-4.296399999999999864e+02
-2.881999999999999886e+02
-3.488100000000000023e+02
-3.775099999999999909e+02
-2.819800000000000182e+02
-1.940999999999999943e+02
-3.079399999999999977e+02
-5.000000000000000000e+02
-1.660000000000000000e+02
-1.565500000000000114e+02
-4.276700000000000159e+02
-1.382800000000000011e+02
-2.218499999999999943e+02
-2.290200000000000102e+02
