-4.892200000000000273e+02
-4.711600000000000250e+02
-5.000000000000000000e+02
-4.972799999999999727e+02
-4.996000000000000227e+02
-4.988500000000000227e+02
-4.896999999999999886e+02
-4.710699999999999932e+02
-4.955400000000000205e+02
-4.848999999999999773e+02
-4.530199999999999818e+02
-3.158000000000000114e+02
-2.442700000000000102e+02
-2.762300000000000182e+02
-2.570699999999999932e+02
-3.283799999999999955e+02
-1.854300000000000068e+02
-2.328400000000000034e+02
-3.291999999999999886e+02
-1.949600000000000080e+02
