-4.997500000000000000e+02
-5.000000000000000000e+02
-5.000000000000000000e+02
-5.000000000000000000e+02
-5.000000000000000000e+02
-5.000000000000000000e+02
-4.302099999999999795e+02
-4.869800000000000182e+02
-3.827599999999999909e+02
-2.829700000000000273e+02
-2.924900000000000091e+02
-4.991100000000000136e+02
-2.393000000000000114e+02
-4.298999999999999773e+02
-4.267099999999999795e+02
-2.275099999999999909e+02
-3.878700000000000045e+02
-2.294900000000000091e+02
-4.933199999999999932e+02
-3.644399999999999977e+02
