-5.000000000000000000e+02
-5.000000000000000000e+02
-5.000000000000000000e+02
-4.993399999999999750e+02
-4.963100000000000023e+02
-4.802500000000000000e+02
-3.729700000000000273e+02
-5.000000000000000000e+02
-4.449499999999999886e+02
-5.000000000000000000e+02
-4.942699999999999818e+02
-3.743199999999999932e+02
-4.654900000000000091e+02
-2.905099999999999909e+02
-4.905299999999999727e+02
-5.000000000000000000e+02
-4.604399999999999977e+02
-5.000000000000000000e+02
-5.000000000000000000e+02
-4.617599999999999909e+02
