-5.000000000000000000e+02
-5.000000000000000000e+02
-4.818399999999999750e+02
-5.000000000000000000e+02
-4.978799999999999955e+02
-4.889800000000000182e+02
-4.926299999999999955e+02
-4.967400000000000091e+02
-4.487300000000000182e+02
-3.177500000000000000e+02
-3.934399999999999977e+02
-4.996000000000000227e+02
-5.000000000000000000e+02
-4.939399999999999977e+02
-3.820600000000000023e+02
-3.182400000000000091e+02
-2.717699999999999818e+02
-2.887400000000000091e+02
-5.000000000000000000e+02
-4.373399999999999750e+02
