-4.984499999999999886e+02
-4.995799999999999841e+02
-5.000000000000000000e+02
-4.953299999999999841e+02
-5.000000000000000000e+02
-4.985799999999999841e+02
-4.656399999999999864e+02
-4.706399999999999864e+02
-3.823299999999999841e+02
-4.296999999999999886e+02
-3.255400000000000205e+02
-4.005799999999999841e+02
-2.808999999999999773e+02
-3.259900000000000091e+02
-3.807900000000000205e+02
-4.747500000000000000e+02
-2.119699999999999989e+02
-2.132500000000000000e+02
-3.282200000000000273e+02
-3.703100000000000023e+02
