-4.931999999999999886e+02
-4.890099999999999909e+02
-4.955199999999999818e+02
-4.368000000000000114e+02
-4.998199999999999932e+02
-4.933100000000000023e+02
-5.000000000000000000e+02
-4.815000000000000000e+02
-5.000000000000000000e+02
-3.884900000000000091e+02
-4.157099999999999795e+02
-5.000000000000000000e+02
-4.652300000000000182e+02
-4.295799999999999841e+02
-1.548199999999999932e+02
-4.087900000000000205e+02
-3.491299999999999955e+02
-4.826100000000000136e+02
-4.944399999999999977e+02
-2.937799999999999727e+02
