-4.983799999999999955e+02
-4.765600000000000023e+02
-4.977500000000000000e+02
-4.998799999999999955e+02
-4.881100000000000136e+02
-4.661100000000000136e+02
-4.437799999999999727e+02
-4.651800000000000068e+02
-4.703299999999999841e+02
-4.446000000000000227e+02
-3.167300000000000182e+02
-3.669399999999999977e+02
-4.033199999999999932e+02
-3.158000000000000114e+02
-2.500300000000000011e+02
-2.173100000000000023e+02
-3.704900000000000091e+02
-1.657700000000000102e+02
-1.328300000000000125e+02
-1.388400000000000034e+02
