-4.984499999999999886e+02
-5.000000000000000000e+02
-5.000000000000000000e+02
-5.000000000000000000e+02
-5.000000000000000000e+02
-5.000000000000000000e+02
-5.000000000000000000e+02
-5.000000000000000000e+02
-4.845899999999999750e+02
-5.000000000000000000e+02
-5.000000000000000000e+02
-4.901299999999999955e+02
-5.000000000000000000e+02
-2.184699999999999989e+02
-5.000000000000000000e+02
-1.630999999999999943e+02
-1.202800000000000011e+02
-9.600000000000000000e+01
-4.659300000000000068e+02
-4.386200000000000045e+02
