-5.000000000000000000e+02
-5.000000000000000000e+02
-4.833799999999999955e+02
-5.000000000000000000e+02
-3.945299999999999727e+02
-3.807099999999999795e+02
-4.853799999999999955e+02
-4.279499999999999886e+02
-4.564499999999999886e+02
-4.547300000000000182e+02
-4.178600000000000136e+02
-4.902099999999999795e+02
-3.356899999999999977e+02
-4.496499999999999773e+02
-1.496200000000000045e+02
-4.459700000000000273e+02
-1.501699999999999875e+02
-3.597300000000000182e+02
-1.769499999999999886e+02
-1.889499999999999886e+02
