-5.000000000000000000e+02
-5.000000000000000000e+02
-4.900299999999999727e+02
-5.000000000000000000e+02
-5.000000000000000000e+02
-5.000000000000000000e+02
-4.957500000000000000e+02
-5.000000000000000000e+02
-4.931899999999999977e+02
-3.641200000000000045e+02
-3.692699999999999818e+02
-3.836399999999999864e+02
-3.685799999999999841e+02
-3.166700000000000159e+02
-2.185600000000000023e+02
-1.812599999999999909e+02
-3.626000000000000227e+02
-4.653000000000000114e+02
-2.274199999999999875e+02
-3.191800000000000068e+02
