-5.000000000000000000e+02
-4.828299999999999841e+02
-4.821000000000000227e+02
-4.946899999999999977e+02
-4.879300000000000068e+02
-5.000000000000000000e+02
-4.531399999999999864e+02
-5.000000000000000000e+02
-4.967400000000000091e+02
-5.000000000000000000e+02
-4.920799999999999841e+02
-5.000000000000000000e+02
-2.292599999999999909e+02
-5.000000000000000000e+02
-4.916100000000000136e+02
-3.295699999999999932e+02
-2.768000000000000114e+02
-5.000000000000000000e+02
-1.890999999999999943e+02
-4.641899999999999977e+02
