-5.000000000000000000e+02
-5.000000000000000000e+02
-4.963000000000000114e+02
-4.951700000000000159e+02
-4.998500000000000227e+02
-4.940400000000000205e+02
-4.924399999999999977e+02
-4.748199999999999932e+02
-4.228799999999999955e+02
-3.631899999999999977e+02
-3.280299999999999727e+02
-4.038799999999999955e+02
-2.606999999999999886e+02
-3.789399999999999977e+02
-1.614499999999999886e+02
-1.870300000000000011e+02
-4.515000000000000000e+02
-3.515099999999999909e+02
-3.815500000000000114e+02
-1.612800000000000011e+02
