-5.000000000000000000e+02
-4.986600000000000250e+02
-4.980600000000000023e+02
-4.990199999999999818e+02
-4.971399999999999864e+02
-4.967500000000000000e+02
-4.929599999999999795e+02
-4.437699999999999818e+02
-4.985500000000000114e+02
-4.534499999999999886e+02
-4.016999999999999886e+02
-5.000000000000000000e+02
-1.997599999999999909e+02
-1.747199999999999989e+02
-2.298300000000000125e+02
-3.520600000000000023e+02
-5.000000000000000000e+02
-1.823199999999999932e+02
-1.083900000000000006e+02
-1.438700000000000045e+02
