-4.961899999999999977e+02
-5.000000000000000000e+02
-5.000000000000000000e+02
-5.000000000000000000e+02
-3.612900000000000205e+02
-4.640799999999999841e+02
-4.875899999999999750e+02
-4.218600000000000136e+02
-5.000000000000000000e+02
-5.000000000000000000e+02
-4.855299999999999727e+02
-5.000000000000000000e+02
-1.194500000000000028e+02
-5.000000000000000000e+02
-5.000000000000000000e+02
-1.036500000000000057e+02
-5.000000000000000000e+02
-5.000000000000000000e+02
-4.867599999999999909e+02
-5.000000000000000000e+02
