-4.973299999999999841e+02
-5.000000000000000000e+02
-4.993299999999999841e+02
-4.824399999999999977e+02
-4.954599999999999795e+02
-4.966899999999999977e+02
-4.971299999999999955e+02
-4.935899999999999750e+02
-4.165899999999999750e+02
-3.278000000000000114e+02
-2.255099999999999909e+02
-2.733399999999999750e+02
-4.273999999999999773e+02
-2.748100000000000023e+02
-2.121599999999999966e+02
-2.143700000000000045e+02
-1.275799999999999983e+02
-2.566299999999999955e+02
-1.828000000000000114e+02
-3.320600000000000023e+02
