-4.997500000000000000e+02
-5.000000000000000000e+02
-5.000000000000000000e+02
-4.688700000000000045e+02
-5.000000000000000000e+02
-4.533500000000000227e+02
-5.000000000000000000e+02
-4.637799999999999727e+02
-5.000000000000000000e+02
-4.835899999999999750e+02
-5.000000000000000000e+02
-4.670500000000000114e+02
-5.000000000000000000e+02
-5.000000000000000000e+02
-5.000000000000000000e+02
-4.621399999999999864e+02
-5.000000000000000000e+02
-5.000000000000000000e+02
-4.601200000000000045e+02
-5.000000000000000000e+02
