-4.991499999999999773e+02
-5.000000000000000000e+02
-4.976999999999999886e+02
-5.000000000000000000e+02
-5.000000000000000000e+02
-5.000000000000000000e+02
-5.000000000000000000e+02
-4.616200000000000045e+02
-4.984399999999999977e+02
-4.002599999999999909e+02
-3.451899999999999977e+02
-4.678999999999999773e+02
-4.638999999999999773e+02
-5.000000000000000000e+02
-2.806100000000000136e+02
-4.230500000000000114e+02
-3.553999999999999773e+02
-4.391499999999999773e+02
-3.951299999999999955e+02
-2.198499999999999943e+02
