-4.997500000000000000e+02
-5.000000000000000000e+02
-5.000000000000000000e+02
-5.000000000000000000e+02
-5.000000000000000000e+02
-4.962599999999999909e+02
-5.000000000000000000e+02
-4.997200000000000273e+02
-4.980000000000000000e+02
-4.315000000000000000e+02
-5.000000000000000000e+02
-3.835299999999999727e+02
-2.623100000000000023e+02
-4.256000000000000227e+02
-3.226899999999999977e+02
-4.598600000000000136e+02
-1.926500000000000057e+02
-3.899499999999999886e+02
-3.199200000000000159e+02
-3.980400000000000205e+02
