-5.000000000000000000e+02
-5.000000000000000000e+02
-4.270299999999999727e+02
-5.000000000000000000e+02
-5.000000000000000000e+02
-3.291700000000000159e+02
-5.000000000000000000e+02
-4.999800000000000182e+02
-5.000000000000000000e+02
-5.000000000000000000e+02
-4.182699999999999818e+02
-5.000000000000000000e+02
-5.000000000000000000e+02
-5.000000000000000000e+02
-4.891899999999999977e+02
-5.000000000000000000e+02
-5.000000000000000000e+02
-4.697900000000000205e+02
-5.000000000000000000e+02
-5.000000000000000000e+02
