-4.984499999999999886e+02
-5.000000000000000000e+02
-4.993000000000000114e+02
-5.000000000000000000e+02
-4.939399999999999977e+02
-4.995699999999999932e+02
-4.066700000000000159e+02
-4.984700000000000273e+02
-4.234200000000000159e+02
-4.955799999999999841e+02
-4.928899999999999864e+02
-4.041000000000000227e+02
-3.471800000000000068e+02
-3.832900000000000205e+02
-3.300600000000000023e+02
-4.980199999999999818e+02
-2.283700000000000045e+02
-4.091399999999999864e+02
-1.566599999999999966e+02
-4.777900000000000205e+02
