-5.000000000000000000e+02
-5.000000000000000000e+02
-5.000000000000000000e+02
-5.000000000000000000e+02
-4.992699999999999818e+02
-4.931999999999999886e+02
-4.462400000000000091e+02
-4.281399999999999864e+02
-4.958999999999999773e+02
-4.432099999999999795e+02
-3.644900000000000091e+02
-3.369700000000000273e+02
-4.982300000000000182e+02
-3.013000000000000114e+02
-2.209900000000000091e+02
-4.538700000000000045e+02
-2.741800000000000068e+02
-1.919099999999999966e+02
-2.185999999999999943e+02
-1.800399999999999920e+02
