-5.000000000000000000e+02
-5.000000000000000000e+02
-4.985600000000000023e+02
-5.000000000000000000e+02
-5.000000000000000000e+02
-5.000000000000000000e+02
-5.000000000000000000e+02
-4.974200000000000159e+02
-4.663999999999999773e+02
-4.880899999999999750e+02
-5.000000000000000000e+02
-2.430099999999999909e+02
-4.962699999999999818e+02
-3.884800000000000182e+02
-4.593899999999999864e+02
-2.762500000000000000e+02
-3.066999999999999886e+02
-3.660299999999999727e+02
-2.243799999999999955e+02
-3.082099999999999795e+02
