-4.850299999999999727e+02
-5.000000000000000000e+02
-5.000000000000000000e+02
-5.000000000000000000e+02
-5.000000000000000000e+02
-5.000000000000000000e+02
-4.918799999999999955e+02
-4.562500000000000000e+02
-5.000000000000000000e+02
-1.938199999999999932e+02
-4.924200000000000159e+02
-4.962599999999999909e+02
-2.833199999999999932e+02
-5.000000000000000000e+02
-5.000000000000000000e+02
-4.807400000000000091e+02
-5.000000000000000000e+02
-1.074200000000000017e+02
-5.000000000000000000e+02
-5.000000000000000000e+02
