-5.000000000000000000e+02
-5.000000000000000000e+02
-5.000000000000000000e+02
-5.000000000000000000e+02
-5.000000000000000000e+02
-5.000000000000000000e+02
-5.000000000000000000e+02
-5.000000000000000000e+02
-5.000000000000000000e+02
-5.000000000000000000e+02
-4.794900000000000091e+02
-5.000000000000000000e+02
-1.113100000000000023e+02
-1.779600000000000080e+02
-1.378499999999999943e+02
-1.098799999999999955e+02
-4.916100000000000136e+02
-2.172199999999999989e+02
-1.768000000000000114e+02
-2.888899999999999864e+02
