-5.000000000000000000e+02
-5.000000000000000000e+02
-5.000000000000000000e+02
-4.982699999999999818e+02
-4.985699999999999932e+02
-4.800199999999999818e+02
-4.992400000000000091e+02
-4.870600000000000023e+02
-4.999399999999999977e+02
-4.927599999999999909e+02
-4.991700000000000159e+02
-5.000000000000000000e+02
-3.935299999999999727e+02
-4.957300000000000182e+02
-1.495099999999999909e+02
-3.435799999999999841e+02
-3.565500000000000114e+02
-4.852300000000000182e+02
-4.926399999999999864e+02
-1.460800000000000125e+02
