-5.000000000000000000e+02
-5.000000000000000000e+02
-5.000000000000000000e+02
-5.000000000000000000e+02
-5.000000000000000000e+02
-5.000000000000000000e+02
-5.000000000000000000e+02
-5.000000000000000000e+02
-4.994399999999999977e+02
-5.000000000000000000e+02
-4.531700000000000159e+02
-3.155000000000000000e+02
-4.710099999999999909e+02
-4.252200000000000273e+02
-2.200000000000000000e+02
-4.015899999999999750e+02
-2.648399999999999750e+02
-3.887200000000000273e+02
-3.111999999999999886e+02
-2.255999999999999943e+02
