-5.000000000000000000e+02
-4.995299999999999727e+02
-4.994499999999999886e+02
-5.000000000000000000e+02
-4.845400000000000205e+02
-5.000000000000000000e+02
-4.969200000000000159e+02
-5.000000000000000000e+02
-5.000000000000000000e+02
-4.985500000000000114e+02
-4.349100000000000250e+02
-2.599499999999999886e+02
-4.878799999999999955e+02
-2.113700000000000045e+02
-4.110199999999999818e+02
-4.859200000000000159e+02
-4.733999999999999773e+02
-3.287599999999999909e+02
-2.186200000000000045e+02
-2.939499999999999886e+02
