-5.000000000000000000e+02
-5.000000000000000000e+02
-5.000000000000000000e+02
-5.000000000000000000e+02
-4.877099999999999795e+02
-5.000000000000000000e+02
-5.000000000000000000e+02
-4.870500000000000114e+02
-5.000000000000000000e+02
-1.878300000000000125e+02
-4.666700000000000159e+02
-5.000000000000000000e+02
-5.000000000000000000e+02
-4.918000000000000114e+02
-5.000000000000000000e+02
-2.724300000000000068e+02
-1.387899999999999920e+02
-1.447299999999999898e+02
-1.249399999999999977e+02
-2.025900000000000034e+02
