-5.000000000000000000e+02
-4.990099999999999909e+02
-5.000000000000000000e+02
-4.994700000000000273e+02
-5.000000000000000000e+02
-4.232500000000000000e+02
-5.000000000000000000e+02
-4.954900000000000091e+02
-4.279300000000000068e+02
-4.398600000000000136e+02
-4.909200000000000159e+02
-5.000000000000000000e+02
-3.904599999999999795e+02
-4.897799999999999727e+02
-2.275900000000000034e+02
-2.509499999999999886e+02
-4.279800000000000182e+02
-2.928899999999999864e+02
-4.682400000000000091e+02
-2.709399999999999977e+02
