-5.000000000000000000e+02
-4.921600000000000250e+02
-4.895600000000000023e+02
-4.913399999999999750e+02
-4.710699999999999932e+02
-4.503600000000000136e+02
-5.000000000000000000e+02
-4.801499999999999773e+02
-4.661899999999999977e+02
-4.142599999999999909e+02
-4.672200000000000273e+02
-4.724800000000000182e+02
-2.838899999999999864e+02
-4.158999999999999773e+02
-3.105500000000000114e+02
-3.152900000000000205e+02
-2.615400000000000205e+02
-4.271600000000000250e+02
-1.604600000000000080e+02
-2.552299999999999898e+02
