-5.000000000000000000e+02
-5.000000000000000000e+02
-5.000000000000000000e+02
-5.000000000000000000e+02
-5.000000000000000000e+02
-5.000000000000000000e+02
-1.538000000000000114e+02
-1.806200000000000045e+02
-1.229399999999999977e+02
-4.815799999999999841e+02
-2.561700000000000159e+02
-1.996699999999999875e+02
-2.108899999999999864e+02
-2.190999999999999943e+02
-1.326899999999999977e+02
-2.867099999999999795e+02
-3.283700000000000045e+02
-4.962599999999999909e+02
-4.630799999999999841e+02
-5.000000000000000000e+02
