-5.000000000000000000e+02
-5.000000000000000000e+02
-4.972599999999999909e+02
-4.979900000000000091e+02
-4.860500000000000114e+02
-5.000000000000000000e+02
-5.000000000000000000e+02
-4.974599999999999795e+02
-4.981000000000000227e+02
-5.000000000000000000e+02
-4.994599999999999795e+02
-4.918999999999999773e+02
-4.702099999999999795e+02
-4.547300000000000182e+02
-3.824300000000000068e+02
-3.837200000000000273e+02
-3.193899999999999864e+02
-4.043299999999999841e+02
-4.470400000000000205e+02
-2.645099999999999909e+02
