-5.000000000000000000e+02
-5.000000000000000000e+02
-2.775600000000000023e+02
-5.000000000000000000e+02
-5.000000000000000000e+02
-1.058100000000000023e+02
-4.997699999999999818e+02
-4.309900000000000091e+02
-1.261599999999999966e+02
-1.761200000000000045e+02
-1.267399999999999949e+02
-1.818799999999999955e+02
-5.000000000000000000e+02
-5.000000000000000000e+02
-4.782599999999999909e+02
-5.000000000000000000e+02
-4.824300000000000068e+02
-5.000000000000000000e+02
-2.367199999999999989e+02
-2.672200000000000273e+02
