-4.902200000000000273e+02
-5.000000000000000000e+02
-4.598500000000000227e+02
-5.000000000000000000e+02
-4.960500000000000114e+02
-5.000000000000000000e+02
-2.996299999999999955e+02
-5.000000000000000000e+02
-2.974100000000000250e+02
-1.836999999999999886e+02
-1.240100000000000051e+02
-2.283899999999999864e+02
-1.462599999999999909e+02
-2.208199999999999932e+02
-1.461599999999999966e+02
-3.136999999999999886e+02
-1.563700000000000045e+02
-2.530200000000000102e+02
-1.526899999999999977e+02
-3.191100000000000136e+02
