-5.000000000000000000e+02
-5.000000000000000000e+02
-5.000000000000000000e+02
-5.000000000000000000e+02
-5.000000000000000000e+02
-5.000000000000000000e+02
-5.000000000000000000e+02
-5.000000000000000000e+02
-5.000000000000000000e+02
-4.909599999999999795e+02
-4.845199999999999818e+02
-3.889399999999999977e+02
-3.024800000000000182e+02
-3.627900000000000205e+02
-4.158100000000000023e+02
-4.425000000000000000e+02
-3.367900000000000205e+02
-2.440300000000000011e+02
-3.227200000000000273e+02
-2.932799999999999727e+02
