-4.902200000000000273e+02
-5.000000000000000000e+02
-5.000000000000000000e+02
-4.821100000000000136e+02
-4.400699999999999932e+02
-5.000000000000000000e+02
-4.277099999999999795e+02
-3.902699999999999818e+02
-4.973500000000000227e+02
-2.498000000000000114e+02
-5.000000000000000000e+02
-4.059700000000000273e+02
-5.000000000000000000e+02
-4.989100000000000250e+02
-5.000000000000000000e+02
-4.972400000000000091e+02
-2.911800000000000068e+02
-5.000000000000000000e+02
-4.957599999999999909e+02
-3.791399999999999864e+02
