-5.000000000000000000e+02
-5.000000000000000000e+02
-4.986299999999999955e+02
-4.996800000000000068e+02
-5.000000000000000000e+02
-4.982099999999999795e+02
-4.984300000000000068e+02
-4.932900000000000205e+02
-4.912500000000000000e+02
-4.461600000000000250e+02
-4.993799999999999955e+02
-4.651800000000000068e+02
-3.471600000000000250e+02
-4.833299999999999841e+02
-2.713299999999999841e+02
-3.631000000000000227e+02
-4.125099999999999909e+02
-4.783600000000000136e+02
-1.827299999999999898e+02
-3.775099999999999909e+02
