-5.000000000000000000e+02
-5.000000000000000000e+02
-4.266200000000000045e+02
-5.000000000000000000e+02
-4.991000000000000227e+02
-4.998299999999999841e+02
-4.842599999999999909e+02
-4.952200000000000273e+02
-3.296600000000000250e+02
-4.650600000000000023e+02
-5.000000000000000000e+02
-4.975899999999999750e+02
-5.000000000000000000e+02
-2.762900000000000205e+02
-5.000000000000000000e+02
-5.000000000000000000e+02
-2.282400000000000091e+02
-4.974200000000000159e+02
-1.149599999999999937e+02
-4.860099999999999909e+02
