-5.000000000000000000e+02
-5.000000000000000000e+02
-5.000000000000000000e+02
-5.000000000000000000e+02
-5.000000000000000000e+02
-5.000000000000000000e+02
-4.991800000000000068e+02
-4.973000000000000114e+02
-4.753100000000000023e+02
-4.873899999999999864e+02
-4.943999999999999773e+02
-2.963100000000000023e+02
-3.399800000000000182e+02
-2.421899999999999977e+02
-1.743000000000000114e+02
-2.430999999999999943e+02
-2.678299999999999841e+02
-1.848499999999999943e+02
-1.942199999999999989e+02
-1.547199999999999989e+02
