-4.983799999999999955e+02
-4.637200000000000273e+02
-5.000000000000000000e+02
-5.000000000000000000e+02
-4.962699999999999818e+02
-5.000000000000000000e+02
-4.578899999999999864e+02
-4.867200000000000273e+02
-3.863500000000000227e+02
-3.116100000000000136e+02
-1.820800000000000125e+02
-3.615099999999999909e+02
-4.420500000000000114e+02
-3.459800000000000182e+02
-4.288600000000000136e+02
-1.857400000000000091e+02
-3.693600000000000136e+02
-5.000000000000000000e+02
-1.336299999999999955e+02
-4.361000000000000227e+02
