-5.000000000000000000e+02
-4.951299999999999955e+02
-4.979399999999999977e+02
-4.968999999999999773e+02
-5.000000000000000000e+02
-4.991999999999999886e+02
-4.981499999999999773e+02
-5.000000000000000000e+02
-4.581200000000000045e+02
-4.534100000000000250e+02
-4.875400000000000205e+02
-4.872900000000000205e+02
-5.000000000000000000e+02
-4.798399999999999750e+02
-4.621100000000000136e+02
-2.133000000000000114e+02
-3.823000000000000114e+02
-2.502500000000000000e+02
-5.000000000000000000e+02
-4.460899999999999750e+02
