-5.000000000000000000e+02
-5.000000000000000000e+02
-5.000000000000000000e+02
-4.943399999999999750e+02
-4.890799999999999841e+02
-5.000000000000000000e+02
-4.981100000000000136e+02
-4.948399999999999750e+02
-4.615299999999999727e+02
-4.701999999999999886e+02
-4.527200000000000273e+02
-4.888199999999999932e+02
-2.120800000000000125e+02
-4.911399999999999864e+02
-4.912200000000000273e+02
-3.180099999999999909e+02
-2.629100000000000250e+02
-4.989800000000000182e+02
-4.845400000000000205e+02
-3.255799999999999841e+02
