-5.000000000000000000e+02
-5.000000000000000000e+02
-5.000000000000000000e+02
-5.000000000000000000e+02
-5.000000000000000000e+02
-3.763399999999999750e+02
-2.687400000000000091e+02
-2.918999999999999773e+02
-3.752599999999999909e+02
-4.351100000000000136e+02
-4.213399999999999750e+02
-2.923600000000000136e+02
-3.731800000000000068e+02
-1.790699999999999932e+02
-1.638499999999999943e+02
-1.599499999999999886e+02
-3.125799999999999841e+02
-4.319900000000000091e+02
-1.310800000000000125e+02
-1.127000000000000028e+02
