-5.000000000000000000e+02
-5.000000000000000000e+02
-5.000000000000000000e+02
-5.000000000000000000e+02
-2.362700000000000102e+02
-5.000000000000000000e+02
-5.000000000000000000e+02
-5.000000000000000000e+02
-4.936499999999999773e+02
-5.000000000000000000e+02
-1.632100000000000080e+02
-5.000000000000000000e+02
-4.856200000000000045e+02
-5.000000000000000000e+02
-1.336200000000000045e+02
-3.973399999999999750e+02
-1.455699999999999932e+02
-1.596800000000000068e+02
-1.397100000000000080e+02
-3.710699999999999932e+02
