-5.000000000000000000e+02
-5.000000000000000000e+02
-4.983500000000000227e+02
-5.000000000000000000e+02
-4.696499999999999773e+02
-5.000000000000000000e+02
-4.960899999999999750e+02
-4.970199999999999818e+02
-5.000000000000000000e+02
-5.000000000000000000e+02
-5.000000000000000000e+02
-4.747200000000000273e+02
-3.996999999999999886e+02
-3.630799999999999841e+02
-4.827599999999999909e+02
-3.763500000000000227e+02
-3.098799999999999955e+02
-4.339499999999999886e+02
-4.374399999999999977e+02
-2.045300000000000011e+02
