-5.000000000000000000e+02
-5.000000000000000000e+02
-4.965899999999999750e+02
-5.000000000000000000e+02
-4.751700000000000159e+02
-4.269800000000000182e+02
-4.686899999999999977e+02
-5.000000000000000000e+02
-4.760199999999999818e+02
-4.418999999999999773e+02
-2.523400000000000034e+02
-4.908100000000000023e+02
-1.892100000000000080e+02
-2.698500000000000227e+02
-3.336999999999999886e+02
-4.859800000000000182e+02
-4.126999999999999886e+02
-2.304399999999999977e+02
-2.441500000000000057e+02
-2.159600000000000080e+02
