-4.902200000000000273e+02
-5.000000000000000000e+02
-5.000000000000000000e+02
-5.000000000000000000e+02
-5.000000000000000000e+02
-5.000000000000000000e+02
-5.000000000000000000e+02
-4.968700000000000045e+02
-5.000000000000000000e+02
-4.991600000000000250e+02
-4.937400000000000091e+02
-4.492500000000000000e+02
-4.347200000000000273e+02
-4.935199999999999818e+02
-4.644599999999999795e+02
-4.965799999999999841e+02
-4.030199999999999818e+02
-2.328199999999999932e+02
-4.656700000000000159e+02
-2.530399999999999920e+02
