-5.000000000000000000e+02
-5.000000000000000000e+02
-5.000000000000000000e+02
-5.000000000000000000e+02
-5.000000000000000000e+02
-5.000000000000000000e+02
-4.988799999999999955e+02
-4.944499999999999886e+02
-4.913700000000000045e+02
-4.972300000000000182e+02
-4.805699999999999932e+02
-5.000000000000000000e+02
-2.256899999999999977e+02
-4.537500000000000000e+02
-4.320299999999999727e+02
-5.000000000000000000e+02
-2.358600000000000136e+02
-5.000000000000000000e+02
-1.789399999999999977e+02
-2.806600000000000250e+02
