-5.000000000000000000e+02
-4.942799999999999727e+02
-5.000000000000000000e+02
-5.000000000000000000e+02
-5.000000000000000000e+02
-5.000000000000000000e+02
-4.862599999999999909e+02
-4.948700000000000045e+02
-4.987200000000000273e+02
-4.204700000000000273e+02
-2.718100000000000023e+02
-3.051899999999999977e+02
-4.159900000000000091e+02
-1.808199999999999932e+02
-4.973500000000000227e+02
-4.826899999999999977e+02
-3.796700000000000159e+02
-1.574099999999999966e+02
-1.654600000000000080e+02
-2.477400000000000091e+02
