-5.000000000000000000e+02
-5.000000000000000000e+02
-5.000000000000000000e+02
-5.000000000000000000e+02
-5.000000000000000000e+02
-5.000000000000000000e+02
-3.256200000000000045e+02
-5.000000000000000000e+02
-4.960299999999999727e+02
-4.960799999999999841e+02
-5.000000000000000000e+02
-2.401800000000000068e+02
-1.949399999999999977e+02
-1.171700000000000017e+02
-1.422500000000000000e+02
-1.635000000000000000e+02
-3.497599999999999909e+02
-4.905400000000000205e+02
-3.482099999999999795e+02
-2.275600000000000023e+02
