-4.924499999999999886e+02
-5.000000000000000000e+02
-4.973600000000000136e+02
-4.764800000000000182e+02
-4.995099999999999909e+02
-4.507699999999999818e+02
-4.636800000000000068e+02
-4.978999999999999773e+02
-4.279700000000000273e+02
-3.391100000000000136e+02
-4.927400000000000091e+02
-2.944100000000000250e+02
-2.919499999999999886e+02
-4.910500000000000114e+02
-3.895600000000000023e+02
-4.584700000000000273e+02
-1.532500000000000000e+02
-3.739499999999999886e+02
-3.651700000000000159e+02
-4.106399999999999864e+02
