-5.000000000000000000e+02
-4.589900000000000091e+02
-3.588799999999999955e+02
-5.000000000000000000e+02
-4.326100000000000136e+02
-2.151699999999999875e+02
-5.000000000000000000e+02
-5.000000000000000000e+02
-4.950699999999999932e+02
-5.000000000000000000e+02
-5.000000000000000000e+02
-5.000000000000000000e+02
-5.000000000000000000e+02
-5.000000000000000000e+02
-5.000000000000000000e+02
-5.000000000000000000e+02
-4.830000000000000000e+02
-5.000000000000000000e+02
-4.921100000000000136e+02
-5.000000000000000000e+02
