-5.000000000000000000e+02
-5.000000000000000000e+02
-5.000000000000000000e+02
-5.000000000000000000e+02
-5.000000000000000000e+02
-4.998700000000000045e+02
-4.674399999999999977e+02
-4.852599999999999909e+02
-3.706600000000000250e+02
-4.972599999999999909e+02
-4.784300000000000068e+02
-4.718500000000000227e+02
-3.868000000000000114e+02
-3.902799999999999727e+02
-4.726800000000000068e+02
-4.628600000000000136e+02
-2.449199999999999875e+02
-4.008399999999999750e+02
-4.606399999999999864e+02
-1.612100000000000080e+02
