-4.967699999999999818e+02
-5.000000000000000000e+02
-4.992099999999999795e+02
-5.000000000000000000e+02
-4.953000000000000114e+02
-5.000000000000000000e+02
-4.973500000000000227e+02
-4.978600000000000136e+02
-4.295099999999999909e+02
-5.000000000000000000e+02
-4.885199999999999818e+02
-4.354599999999999795e+02
-4.062599999999999909e+02
-5.000000000000000000e+02
-5.000000000000000000e+02
-5.000000000000000000e+02
-3.373000000000000114e+02
-3.238799999999999955e+02
-5.000000000000000000e+02
-2.511899999999999977e+02
