-5.000000000000000000e+02
-5.000000000000000000e+02
-5.000000000000000000e+02
-5.000000000000000000e+02
-5.000000000000000000e+02
-3.055699999999999932e+02
-4.912500000000000000e+02
-5.000000000000000000e+02
-2.287800000000000011e+02
-1.838199999999999932e+02
-2.829800000000000182e+02
-2.283400000000000034e+02
-1.611200000000000045e+02
-4.177400000000000091e+02
-1.341699999999999875e+02
-1.531699999999999875e+02
-1.343799999999999955e+02
-4.376000000000000227e+02
-2.667900000000000205e+02
-2.433300000000000125e+02
