-5.000000000000000000e+02
-5.000000000000000000e+02
-5.000000000000000000e+02
-5.000000000000000000e+02
-5.000000000000000000e+02
-5.000000000000000000e+02
-4.786299999999999955e+02
-4.893799999999999955e+02
-4.865699999999999932e+02
-5.000000000000000000e+02
-4.983399999999999750e+02
-3.553700000000000045e+02
-4.324700000000000273e+02
-4.986600000000000250e+02
-2.905600000000000023e+02
-3.562300000000000182e+02
-4.285600000000000023e+02
-1.855200000000000102e+02
-4.748500000000000227e+02
-4.504200000000000159e+02
