-4.969700000000000273e+02
-5.000000000000000000e+02
-4.993500000000000227e+02
-4.978700000000000045e+02
-4.976999999999999886e+02
-5.000000000000000000e+02
-5.000000000000000000e+02
-4.965899999999999750e+02
-4.012300000000000182e+02
-5.000000000000000000e+02
-3.931499999999999773e+02
-3.294800000000000182e+02
-1.877400000000000091e+02
-2.663399999999999750e+02
-3.576800000000000068e+02
-2.330999999999999943e+02
-3.777200000000000273e+02
-3.110600000000000023e+02
-4.530500000000000114e+02
-1.757800000000000011e+02
