-5.000000000000000000e+02
-4.999800000000000182e+02
-4.977699999999999818e+02
-4.986499999999999773e+02
-4.846200000000000045e+02
-4.780899999999999750e+02
-4.508600000000000136e+02
-3.987300000000000182e+02
-4.461800000000000068e+02
-2.888199999999999932e+02
-2.788000000000000114e+02
-4.437900000000000205e+02
-2.623899999999999864e+02
-4.309399999999999977e+02
-5.000000000000000000e+02
-4.256299999999999955e+02
-3.693799999999999955e+02
-4.009399999999999977e+02
-2.286100000000000136e+02
-2.701800000000000068e+02
