-5.000000000000000000e+02
-5.000000000000000000e+02
-5.000000000000000000e+02
-5.000000000000000000e+02
-5.000000000000000000e+02
-4.980000000000000000e+02
-5.000000000000000000e+02
-4.984399999999999977e+02
-4.871299999999999955e+02
-4.925000000000000000e+02
-4.697799999999999727e+02
-3.706299999999999955e+02
-2.959200000000000159e+02
-4.579100000000000250e+02
-3.295400000000000205e+02
-3.913999999999999773e+02
-2.667200000000000273e+02
-4.369200000000000159e+02
-2.802400000000000091e+02
-3.801200000000000045e+02
