-4.969700000000000273e+02
-4.998299999999999841e+02
-4.993199999999999932e+02
-4.971499999999999773e+02
-5.000000000000000000e+02
-4.971600000000000250e+02
-5.000000000000000000e+02
-4.999900000000000091e+02
-5.000000000000000000e+02
-4.343399999999999750e+02
-5.000000000000000000e+02
-3.833799999999999955e+02
-5.000000000000000000e+02
-4.978999999999999773e+02
-4.949499999999999886e+02
-4.952099999999999795e+02
-4.091700000000000159e+02
-4.400400000000000205e+02
-4.103299999999999841e+02
-4.165699999999999932e+02
