-4.831899999999999977e+02
-5.000000000000000000e+02
-5.000000000000000000e+02
-4.999499999999999886e+02
-4.867300000000000182e+02
-5.000000000000000000e+02
-4.991999999999999886e+02
-5.000000000000000000e+02
-4.986899999999999977e+02
-4.970899999999999750e+02
-5.000000000000000000e+02
-4.957699999999999818e+02
-4.081499999999999773e+02
-4.824700000000000273e+02
-4.811600000000000250e+02
-5.000000000000000000e+02
-2.823299999999999841e+02
-2.451500000000000057e+02
-4.982400000000000091e+02
-2.026599999999999966e+02
