-5.000000000000000000e+02
-5.000000000000000000e+02
-4.997699999999999818e+02
-4.923700000000000045e+02
-4.975899999999999750e+02
-5.000000000000000000e+02
-4.836100000000000136e+02
-5.000000000000000000e+02
-5.000000000000000000e+02
-4.555299999999999727e+02
-4.080099999999999909e+02
-2.859900000000000091e+02
-4.394100000000000250e+02
-4.982300000000000182e+02
-2.100500000000000114e+02
-3.507099999999999795e+02
-3.583600000000000136e+02
-3.292099999999999795e+02
-3.038899999999999864e+02
-4.576800000000000068e+02
