-4.876399999999999864e+02
-4.841499999999999773e+02
-4.997300000000000182e+02
-4.714200000000000159e+02
-5.000000000000000000e+02
-4.852699999999999818e+02
-4.988500000000000227e+02
-4.831999999999999886e+02
-4.974100000000000250e+02
-4.818999999999999773e+02
-4.569700000000000273e+02
-4.991600000000000250e+02
-3.334599999999999795e+02
-1.953300000000000125e+02
-4.910199999999999818e+02
-1.664099999999999966e+02
-4.782599999999999909e+02
-2.850099999999999909e+02
-4.698999999999999773e+02
-1.811100000000000136e+02
