-5.000000000000000000e+02
-5.000000000000000000e+02
-4.988000000000000114e+02
-5.000000000000000000e+02
-4.987200000000000273e+02
-4.960699999999999932e+02
-5.000000000000000000e+02
-5.000000000000000000e+02
-4.873700000000000045e+02
-4.852200000000000273e+02
-4.873299999999999841e+02
-4.995099999999999909e+02
-4.519599999999999795e+02
-4.571700000000000159e+02
-4.801200000000000045e+02
-4.995000000000000000e+02
-4.483500000000000227e+02
-2.911299999999999955e+02
-2.925799999999999841e+02
-3.138799999999999955e+02
