-5.000000000000000000e+02
-4.980099999999999909e+02
-5.000000000000000000e+02
-4.960500000000000114e+02
-5.000000000000000000e+02
-4.763700000000000045e+02
-3.724399999999999977e+02
-4.838799999999999955e+02
-3.726200000000000045e+02
-4.873000000000000114e+02
-5.000000000000000000e+02
-5.000000000000000000e+02
-3.051100000000000136e+02
-4.617200000000000273e+02
-3.880299999999999727e+02
-4.731899999999999977e+02
-3.702900000000000205e+02
-4.931399999999999864e+02
-3.648000000000000114e+02
-2.537400000000000091e+02
