-5.000000000000000000e+02
-5.000000000000000000e+02
-5.000000000000000000e+02
-5.000000000000000000e+02
-4.950400000000000205e+02
-4.803899999999999864e+02
-4.999499999999999886e+02
-4.584499999999999886e+02
-5.000000000000000000e+02
-4.992799999999999727e+02
-3.950899999999999750e+02
-3.733700000000000045e+02
-4.982099999999999795e+02
-5.000000000000000000e+02
-5.000000000000000000e+02
-4.952400000000000091e+02
-4.459399999999999977e+02
-4.988299999999999841e+02
-3.379800000000000182e+02
-2.944599999999999795e+02
