-5.000000000000000000e+02
-4.932400000000000091e+02
-4.658700000000000045e+02
-5.000000000000000000e+02
-4.736700000000000159e+02
-5.000000000000000000e+02
-4.953500000000000227e+02
-4.769700000000000273e+02
-4.660099999999999909e+02
-4.956000000000000227e+02
-5.000000000000000000e+02
-4.777599999999999909e+02
-3.677799999999999727e+02
-5.000000000000000000e+02
-2.710299999999999727e+02
-4.957799999999999727e+02
-4.096700000000000159e+02
-5.000000000000000000e+02
-3.669499999999999886e+02
-3.520500000000000114e+02
