-5.000000000000000000e+02
-5.000000000000000000e+02
-5.000000000000000000e+02
-5.000000000000000000e+02
-5.000000000000000000e+02
-5.000000000000000000e+02
-5.000000000000000000e+02
-4.959200000000000159e+02
-5.000000000000000000e+02
-4.966100000000000136e+02
-2.935899999999999750e+02
-4.998899999999999864e+02
-4.806600000000000250e+02
-4.199100000000000250e+02
-4.307099999999999795e+02
-4.388399999999999750e+02
-4.968799999999999955e+02
-1.718799999999999955e+02
-4.552300000000000182e+02
-2.868700000000000045e+02
