-5.000000000000000000e+02
-5.000000000000000000e+02
-3.720099999999999909e+02
-4.581000000000000227e+02
-3.403299999999999841e+02
-3.968799999999999955e+02
-4.841299999999999955e+02
-4.783799999999999955e+02
-4.182900000000000205e+02
-5.000000000000000000e+02
-2.659100000000000250e+02
-4.568899999999999864e+02
-4.856700000000000159e+02
-4.051000000000000227e+02
-5.000000000000000000e+02
-4.814399999999999977e+02
-3.935000000000000000e+02
-3.593000000000000114e+02
-4.727799999999999727e+02
-1.926299999999999955e+02
