-5.000000000000000000e+02
-5.000000000000000000e+02
-5.000000000000000000e+02
-5.000000000000000000e+02
-5.000000000000000000e+02
-5.000000000000000000e+02
-4.936100000000000136e+02
-4.669599999999999795e+02
-3.939100000000000250e+02
-4.692099999999999795e+02
-4.858999999999999773e+02
-4.103700000000000045e+02
-3.389300000000000068e+02
-4.560600000000000023e+02
-4.500099999999999909e+02
-4.724100000000000250e+02
-4.075600000000000023e+02
-3.064399999999999977e+02
-3.503399999999999750e+02
-2.839300000000000068e+02
