-5.000000000000000000e+02
-2.806200000000000045e+02
-5.000000000000000000e+02
-4.872799999999999727e+02
-5.000000000000000000e+02
-5.000000000000000000e+02
-5.000000000000000000e+02
-5.000000000000000000e+02
-4.598299999999999841e+02
-2.878000000000000114e+02
-2.355000000000000000e+02
-1.862800000000000011e+02
-3.735400000000000205e+02
-2.374499999999999886e+02
-2.516399999999999864e+02
-2.777500000000000000e+02
-4.916000000000000227e+02
-5.000000000000000000e+02
-4.895400000000000205e+02
-5.000000000000000000e+02
