-5.000000000000000000e+02
-5.000000000000000000e+02
-5.000000000000000000e+02
-5.000000000000000000e+02
-5.000000000000000000e+02
-5.000000000000000000e+02
-5.000000000000000000e+02
-5.000000000000000000e+02
-5.000000000000000000e+02
-5.000000000000000000e+02
-4.652799999999999727e+02
-4.402599999999999909e+02
-4.956499999999999773e+02
-1.488600000000000136e+02
-3.629599999999999795e+02
-3.307200000000000273e+02
-3.107900000000000205e+02
-3.602500000000000000e+02
-4.991700000000000159e+02
-2.036500000000000057e+02
