-5.000000000000000000e+02
-5.000000000000000000e+02
-5.000000000000000000e+02
-5.000000000000000000e+02
-5.000000000000000000e+02
-5.000000000000000000e+02
-4.904200000000000159e+02
-5.000000000000000000e+02
-1.876399999999999864e+02
-4.948700000000000045e+02
-4.973700000000000045e+02
-3.556399999999999864e+02
-1.787899999999999920e+02
-1.665099999999999909e+02
-4.771399999999999864e+02
-4.713799999999999955e+02
-3.677699999999999818e+02
-3.666700000000000159e+02
-3.418799999999999955e+02
-2.234600000000000080e+02
