-5.000000000000000000e+02
-5.000000000000000000e+02
-5.000000000000000000e+02
-5.000000000000000000e+02
-4.991999999999999886e+02
-4.792400000000000091e+02
-5.000000000000000000e+02
-4.778799999999999955e+02
-5.000000000000000000e+02
-4.990199999999999818e+02
-4.725500000000000114e+02
-4.003799999999999955e+02
-4.889800000000000182e+02
-3.801600000000000250e+02
-4.985199999999999818e+02
-4.433299999999999841e+02
-2.855000000000000000e+02
-4.368500000000000227e+02
-4.554900000000000091e+02
-4.887900000000000205e+02
