-5.000000000000000000e+02
-5.000000000000000000e+02
-5.000000000000000000e+02
-5.000000000000000000e+02
-5.000000000000000000e+02
-5.000000000000000000e+02
-5.000000000000000000e+02
-5.000000000000000000e+02
-5.000000000000000000e+02
-4.825400000000000205e+02
-4.769300000000000068e+02
-3.814100000000000250e+02
-3.861200000000000045e+02
-3.794599999999999795e+02
-4.388299999999999841e+02
-4.637099999999999795e+02
-4.041399999999999864e+02
-2.898100000000000023e+02
-2.399000000000000057e+02
-2.231399999999999864e+02
