-5.000000000000000000e+02
-5.000000000000000000e+02
-5.000000000000000000e+02
-5.000000000000000000e+02
-5.000000000000000000e+02
-4.983199999999999932e+02
-4.987500000000000000e+02
-4.910099999999999909e+02
-4.984499999999999886e+02
-4.247400000000000091e+02
-3.056299999999999955e+02
-5.000000000000000000e+02
-5.000000000000000000e+02
-4.941299999999999955e+02
-2.555200000000000102e+02
-3.933100000000000023e+02
-3.062799999999999727e+02
-4.568299999999999841e+02
-2.845400000000000205e+02
-5.000000000000000000e+02
