-5.000000000000000000e+02
-5.000000000000000000e+02
-4.977799999999999727e+02
-3.591600000000000250e+02
-4.520600000000000023e+02
-4.345400000000000205e+02
-4.938500000000000227e+02
-4.990799999999999841e+02
-4.853299999999999841e+02
-4.613999999999999773e+02
-4.691299999999999955e+02
-4.857699999999999818e+02
-3.924100000000000250e+02
-2.067299999999999898e+02
-1.710900000000000034e+02
-1.749399999999999977e+02
-2.484300000000000068e+02
-1.448600000000000136e+02
-1.446599999999999966e+02
-1.204699999999999989e+02
