-5.000000000000000000e+02
-4.987400000000000091e+02
-4.925500000000000114e+02
-5.000000000000000000e+02
-4.974499999999999886e+02
-4.990899999999999750e+02
-4.880099999999999909e+02
-4.779599999999999795e+02
-4.878299999999999841e+02
-4.605000000000000000e+02
-3.646700000000000159e+02
-1.889399999999999977e+02
-5.000000000000000000e+02
-4.715400000000000205e+02
-4.838600000000000136e+02
-2.795299999999999727e+02
-2.243600000000000136e+02
-3.150600000000000023e+02
-1.975900000000000034e+02
-2.435200000000000102e+02
