-5.000000000000000000e+02
-4.995199999999999818e+02
-5.000000000000000000e+02
-5.000000000000000000e+02
-5.000000000000000000e+02
-4.928600000000000136e+02
-4.938500000000000227e+02
-4.942300000000000182e+02
-4.772699999999999818e+02
-4.722599999999999909e+02
-4.973000000000000114e+02
-3.884100000000000250e+02
-4.871899999999999977e+02
-4.946100000000000136e+02
-3.566200000000000045e+02
-4.193500000000000227e+02
-2.471899999999999977e+02
-4.962699999999999818e+02
-4.026700000000000159e+02
-4.742500000000000000e+02
