-5.000000000000000000e+02
-5.000000000000000000e+02
-5.000000000000000000e+02
-5.000000000000000000e+02
-5.000000000000000000e+02
-4.958999999999999773e+02
-4.989800000000000182e+02
-4.960799999999999841e+02
-4.753899999999999864e+02
-5.000000000000000000e+02
-4.618100000000000023e+02
-5.000000000000000000e+02
-4.757500000000000000e+02
-4.964399999999999977e+02
-2.754800000000000182e+02
-3.793700000000000045e+02
-5.000000000000000000e+02
-4.997900000000000205e+02
-4.311399999999999864e+02
-4.868100000000000023e+02
