-4.994800000000000182e+02
-4.992500000000000000e+02
-4.836100000000000136e+02
-5.000000000000000000e+02
-4.825400000000000205e+02
-4.690799999999999841e+02
-4.895799999999999841e+02
-5.000000000000000000e+02
-5.000000000000000000e+02
-4.846499999999999773e+02
-4.269800000000000182e+02
-4.946899999999999977e+02
-4.121399999999999864e+02
-4.277200000000000273e+02
-3.348999999999999773e+02
-2.804399999999999977e+02
-3.577699999999999818e+02
-4.848600000000000136e+02
-1.479199999999999875e+02
-4.711700000000000159e+02
