-5.000000000000000000e+02
-5.000000000000000000e+02
-5.000000000000000000e+02
-3.268100000000000023e+02
-5.000000000000000000e+02
-2.183100000000000023e+02
-4.801399999999999864e+02
-1.442500000000000000e+02
-3.640199999999999818e+02
-5.000000000000000000e+02
-3.800699999999999932e+02
-4.440000000000000000e+02
-4.660899999999999750e+02
-2.404699999999999989e+02
-2.672400000000000091e+02
-2.622200000000000273e+02
-3.946399999999999864e+02
-5.000000000000000000e+02
-3.812500000000000000e+02
-5.000000000000000000e+02
