-4.969700000000000273e+02
-5.000000000000000000e+02
-5.000000000000000000e+02
-5.000000000000000000e+02
-5.000000000000000000e+02
-5.000000000000000000e+02
-5.000000000000000000e+02
-5.000000000000000000e+02
-5.000000000000000000e+02
-5.000000000000000000e+02
-5.000000000000000000e+02
-5.000000000000000000e+02
-4.941100000000000136e+02
-5.000000000000000000e+02
-4.972300000000000182e+02
-5.000000000000000000e+02
-1.868100000000000023e+02
-1.100400000000000063e+02
-1.600800000000000125e+02
-3.607200000000000273e+02
