-5.000000000000000000e+02
-4.993899999999999864e+02
-4.994800000000000182e+02
-4.983799999999999955e+02
-4.778000000000000114e+02
-4.930299999999999727e+02
-4.926999999999999886e+02
-4.592099999999999795e+02
-4.262799999999999727e+02
-3.863299999999999841e+02
-4.427599999999999909e+02
-4.498999999999999773e+02
-3.898700000000000045e+02
-4.955400000000000205e+02
-2.274699999999999989e+02
-4.943999999999999773e+02
-2.400699999999999932e+02
-2.376200000000000045e+02
-3.950799999999999841e+02
-3.726899999999999977e+02
