-5.000000000000000000e+02
-4.985099999999999909e+02
-5.000000000000000000e+02
-5.000000000000000000e+02
-5.000000000000000000e+02
-5.000000000000000000e+02
-5.000000000000000000e+02
-5.000000000000000000e+02
-5.000000000000000000e+02
-5.000000000000000000e+02
-4.318500000000000227e+02
-4.243399999999999750e+02
-3.028299999999999841e+02
-5.000000000000000000e+02
-4.962900000000000205e+02
-5.000000000000000000e+02
-3.984300000000000068e+02
-4.181600000000000250e+02
-2.682099999999999795e+02
-4.432699999999999818e+02
