-4.961600000000000250e+02
-4.602599999999999909e+02
-5.000000000000000000e+02
-5.000000000000000000e+02
-5.000000000000000000e+02
-4.943299999999999841e+02
-4.885000000000000000e+02
-4.946800000000000068e+02
-4.934800000000000182e+02
-4.320099999999999909e+02
-4.126499999999999773e+02
-4.844300000000000068e+02
-4.525199999999999818e+02
-3.299499999999999886e+02
-4.256700000000000159e+02
-3.498100000000000023e+02
-4.721299999999999955e+02
-1.963000000000000114e+02
-3.263899999999999864e+02
-3.854399999999999977e+02
