-5.000000000000000000e+02
-4.988700000000000045e+02
-5.000000000000000000e+02
-4.962400000000000091e+02
-4.807099999999999795e+02
-4.970600000000000023e+02
-4.888000000000000114e+02
-4.794300000000000068e+02
-4.480600000000000023e+02
-4.351999999999999886e+02
-3.747500000000000000e+02
-1.955200000000000102e+02
-3.291200000000000045e+02
-4.373799999999999955e+02
-4.992900000000000205e+02
-3.343700000000000045e+02
-2.657400000000000091e+02
-3.204399999999999977e+02
-3.526299999999999955e+02
-1.749600000000000080e+02
