-4.871600000000000250e+02
-5.000000000000000000e+02
-5.000000000000000000e+02
-5.000000000000000000e+02
-4.973199999999999932e+02
-5.000000000000000000e+02
-4.558100000000000023e+02
-3.405400000000000205e+02
-4.433100000000000023e+02
-2.041599999999999966e+02
-2.982500000000000000e+02
-2.993500000000000227e+02
-3.239499999999999886e+02
-2.838399999999999750e+02
-2.479000000000000057e+02
-1.847400000000000091e+02
-3.781200000000000045e+02
-1.790800000000000125e+02
-4.096200000000000045e+02
-3.315799999999999841e+02
