-5.000000000000000000e+02
-5.000000000000000000e+02
-5.000000000000000000e+02
-4.931499999999999773e+02
-5.000000000000000000e+02
-4.901999999999999886e+02
-4.456800000000000068e+02
-4.902099999999999795e+02
-4.998100000000000023e+02
-4.947400000000000091e+02
-3.627500000000000000e+02
-4.419300000000000068e+02
-2.649399999999999977e+02
-4.365199999999999818e+02
-4.174700000000000273e+02
-4.965699999999999932e+02
-3.307200000000000273e+02
-2.523600000000000136e+02
-1.708000000000000114e+02
-4.992400000000000091e+02
