-5.000000000000000000e+02
-5.000000000000000000e+02
-5.000000000000000000e+02
-5.000000000000000000e+02
-5.000000000000000000e+02
-5.000000000000000000e+02
-5.000000000000000000e+02
-5.000000000000000000e+02
-4.655500000000000114e+02
-4.938299999999999841e+02
-3.991100000000000136e+02
-3.422200000000000273e+02
-4.863000000000000114e+02
-2.819100000000000250e+02
-3.213299999999999841e+02
-4.928500000000000227e+02
-4.556700000000000159e+02
-5.000000000000000000e+02
-4.033600000000000136e+02
-4.985199999999999818e+02
