-5.000000000000000000e+02
-5.000000000000000000e+02
-5.000000000000000000e+02
-4.986499999999999773e+02
-5.000000000000000000e+02
-5.000000000000000000e+02
-5.000000000000000000e+02
-4.888500000000000227e+02
-4.128399999999999750e+02
-4.975500000000000114e+02
-4.539800000000000182e+02
-4.978799999999999955e+02
-3.040000000000000000e+02
-2.504199999999999875e+02
-5.000000000000000000e+02
-2.725299999999999727e+02
-4.788199999999999932e+02
-4.333700000000000045e+02
-4.660199999999999818e+02
-4.976200000000000045e+02
