-5.000000000000000000e+02
-5.000000000000000000e+02
-5.000000000000000000e+02
-5.000000000000000000e+02
-5.000000000000000000e+02
-5.000000000000000000e+02
-4.996899999999999977e+02
-4.651200000000000045e+02
-4.825199999999999818e+02
-4.678399999999999750e+02
-2.826700000000000159e+02
-4.426700000000000159e+02
-2.272599999999999909e+02
-4.852900000000000205e+02
-3.367300000000000182e+02
-4.118100000000000023e+02
-4.983500000000000227e+02
-5.000000000000000000e+02
-4.980299999999999727e+02
-3.058199999999999932e+02
