-5.000000000000000000e+02
-5.000000000000000000e+02
-5.000000000000000000e+02
-5.000000000000000000e+02
-4.995299999999999727e+02
-4.912099999999999795e+02
-5.000000000000000000e+02
-4.887900000000000205e+02
-4.990000000000000000e+02
-4.970099999999999909e+02
-3.035400000000000205e+02
-2.356800000000000068e+02
-3.173299999999999841e+02
-4.386999999999999886e+02
-3.432599999999999909e+02
-2.085200000000000102e+02
-1.831899999999999977e+02
-1.958400000000000034e+02
-4.979100000000000250e+02
-2.099399999999999977e+02
