-5.000000000000000000e+02
-5.000000000000000000e+02
-5.000000000000000000e+02
-5.000000000000000000e+02
-4.803600000000000136e+02
-5.000000000000000000e+02
-5.000000000000000000e+02
-5.000000000000000000e+02
-5.000000000000000000e+02
-5.000000000000000000e+02
-5.000000000000000000e+02
-5.000000000000000000e+02
-4.364499999999999886e+02
-4.918199999999999932e+02
-3.710500000000000114e+02
-2.546299999999999955e+02
-3.848000000000000114e+02
-2.765199999999999818e+02
-4.979499999999999886e+02
-4.195899999999999750e+02
