-5.000000000000000000e+02
-5.000000000000000000e+02
-4.963799999999999955e+02
-5.000000000000000000e+02
-4.442500000000000000e+02
-5.000000000000000000e+02
-4.995899999999999750e+02
-5.000000000000000000e+02
-4.986999999999999886e+02
-4.953199999999999932e+02
-4.339800000000000182e+02
-4.980199999999999818e+02
-4.699599999999999795e+02
-4.982099999999999795e+02
-1.946200000000000045e+02
-3.359900000000000091e+02
-5.000000000000000000e+02
-2.399199999999999875e+02
-5.000000000000000000e+02
-1.371200000000000045e+02
