-5.000000000000000000e+02
-4.999399999999999977e+02
-5.000000000000000000e+02
-4.977500000000000000e+02
-4.930600000000000023e+02
-4.092799999999999727e+02
-4.910699999999999932e+02
-3.795199999999999818e+02
-3.774900000000000091e+02
-4.939100000000000250e+02
-3.689499999999999886e+02
-4.895799999999999841e+02
-4.953299999999999841e+02
-4.799499999999999886e+02
-2.668100000000000023e+02
-3.305600000000000023e+02
-3.478700000000000045e+02
-2.497299999999999898e+02
-3.328999999999999773e+02
-4.896999999999999886e+02
