-4.871600000000000250e+02
-4.521700000000000159e+02
-5.000000000000000000e+02
-5.000000000000000000e+02
-5.000000000000000000e+02
-5.000000000000000000e+02
-4.916600000000000250e+02
-5.000000000000000000e+02
-3.791399999999999864e+02
-1.629099999999999966e+02
-2.513600000000000136e+02
-3.643199999999999932e+02
-2.176999999999999886e+02
-2.818600000000000136e+02
-2.673399999999999750e+02
-1.357899999999999920e+02
-1.541699999999999875e+02
-4.785600000000000023e+02
-4.463100000000000023e+02
-1.386899999999999977e+02
