-4.876399999999999864e+02
-4.877500000000000000e+02
-5.000000000000000000e+02
-4.888399999999999750e+02
-5.000000000000000000e+02
-4.999499999999999886e+02
-4.992900000000000205e+02
-4.880299999999999727e+02
-4.943600000000000136e+02
-4.967799999999999727e+02
-4.085899999999999750e+02
-4.400299999999999727e+02
-4.673100000000000023e+02
-5.000000000000000000e+02
-3.511800000000000068e+02
-3.971100000000000136e+02
-3.528999999999999773e+02
-3.776700000000000159e+02
-4.581200000000000045e+02
-3.443399999999999750e+02
