-4.991499999999999773e+02
-5.000000000000000000e+02
-5.000000000000000000e+02
-4.906100000000000136e+02
-5.000000000000000000e+02
-2.931700000000000159e+02
-5.000000000000000000e+02
-1.465500000000000114e+02
-1.320399999999999920e+02
-4.971800000000000068e+02
-5.000000000000000000e+02
-4.963700000000000045e+02
-5.000000000000000000e+02
-9.520999999999999375e+01
-1.090499999999999972e+02
-1.050900000000000034e+02
-2.077199999999999989e+02
-2.151999999999999886e+02
-1.856800000000000068e+02
-2.550399999999999920e+02
