-5.000000000000000000e+02
-4.986000000000000227e+02
-5.000000000000000000e+02
-5.000000000000000000e+02
-4.996000000000000227e+02
-5.000000000000000000e+02
-4.883100000000000023e+02
-4.929499999999999886e+02
-4.863199999999999932e+02
-4.984599999999999795e+02
-3.293999999999999773e+02
-3.635899999999999750e+02
-4.141999999999999886e+02
-3.331600000000000250e+02
-4.374100000000000250e+02
-4.460699999999999932e+02
-4.931100000000000136e+02
-3.207599999999999909e+02
-4.477900000000000205e+02
-2.737699999999999818e+02
