-4.902200000000000273e+02
-5.000000000000000000e+02
-5.000000000000000000e+02
-4.933100000000000023e+02
-5.000000000000000000e+02
-4.977799999999999727e+02
-4.970199999999999818e+02
-5.000000000000000000e+02
-4.999300000000000068e+02
-4.927400000000000091e+02
-5.000000000000000000e+02
-4.827099999999999795e+02
-4.347400000000000091e+02
-4.782599999999999909e+02
-5.000000000000000000e+02
-2.587599999999999909e+02
-3.800799999999999841e+02
-3.010000000000000000e+02
-4.280500000000000114e+02
-3.701700000000000159e+02
