-5.000000000000000000e+02
-5.000000000000000000e+02
-4.995199999999999818e+02
-5.000000000000000000e+02
-5.000000000000000000e+02
-5.000000000000000000e+02
-4.984900000000000091e+02
-4.926800000000000068e+02
-4.911200000000000045e+02
-4.859800000000000182e+02
-4.958899999999999864e+02
-3.059599999999999795e+02
-3.172699999999999818e+02
-2.179199999999999875e+02
-2.016599999999999966e+02
-2.448000000000000114e+02
-2.509399999999999977e+02
-1.784000000000000057e+02
-1.609099999999999966e+02
-2.393499999999999943e+02
