-5.000000000000000000e+02
-4.994399999999999977e+02
-5.000000000000000000e+02
-5.000000000000000000e+02
-4.494100000000000250e+02
-5.000000000000000000e+02
-4.976999999999999886e+02
-5.000000000000000000e+02
-4.025000000000000000e+02
-4.847099999999999795e+02
-4.966000000000000227e+02
-4.623899999999999864e+02
-4.859900000000000091e+02
-2.360000000000000000e+02
-2.420300000000000011e+02
-3.566200000000000045e+02
-4.722699999999999818e+02
-3.301000000000000227e+02
-2.477800000000000011e+02
-3.775500000000000114e+02
