-5.000000000000000000e+02
-5.000000000000000000e+02
-4.999499999999999886e+02
-5.000000000000000000e+02
-5.000000000000000000e+02
-4.942300000000000182e+02
-4.999800000000000182e+02
-5.000000000000000000e+02
-5.000000000000000000e+02
-3.840099999999999909e+02
-4.992200000000000273e+02
-5.000000000000000000e+02
-4.900000000000000000e+02
-3.512200000000000273e+02
-4.950299999999999727e+02
-4.334599999999999795e+02
-4.802900000000000205e+02
-3.752500000000000000e+02
-3.232799999999999727e+02
-3.339399999999999977e+02
