-5.000000000000000000e+02
-5.000000000000000000e+02
-5.000000000000000000e+02
-2.970699999999999932e+02
-5.000000000000000000e+02
-3.229499999999999886e+02
-5.000000000000000000e+02
-5.000000000000000000e+02
-3.920299999999999727e+02
-5.000000000000000000e+02
-2.653500000000000227e+02
-5.000000000000000000e+02
-2.678700000000000045e+02
-2.664200000000000159e+02
-1.245300000000000011e+02
-2.240500000000000114e+02
-3.528700000000000045e+02
-2.598600000000000136e+02
-2.978799999999999955e+02
-4.508199999999999932e+02
