-4.924499999999999886e+02
-5.000000000000000000e+02
-5.000000000000000000e+02
-4.998000000000000114e+02
-4.980400000000000205e+02
-4.938199999999999932e+02
-4.914700000000000273e+02
-4.765699999999999932e+02
-4.197200000000000273e+02
-4.397900000000000205e+02
-3.941200000000000045e+02
-4.163000000000000114e+02
-3.233199999999999932e+02
-4.066000000000000227e+02
-2.976899999999999977e+02
-3.125699999999999932e+02
-3.683600000000000136e+02
-2.988700000000000045e+02
-1.682500000000000000e+02
-1.736699999999999875e+02
