-5.000000000000000000e+02
-5.000000000000000000e+02
-5.000000000000000000e+02
-5.000000000000000000e+02
-4.986299999999999955e+02
-5.000000000000000000e+02
-5.000000000000000000e+02
-4.479399999999999977e+02
-5.000000000000000000e+02
-5.000000000000000000e+02
-4.897599999999999909e+02
-5.000000000000000000e+02
-3.123100000000000023e+02
-4.647400000000000091e+02
-4.341299999999999955e+02
-4.067300000000000182e+02
-5.000000000000000000e+02
-4.585099999999999909e+02
-5.000000000000000000e+02
-1.254399999999999977e+02
