-5.000000000000000000e+02
-4.955000000000000000e+02
-5.000000000000000000e+02
-4.878700000000000045e+02
-5.000000000000000000e+02
-4.780400000000000205e+02
-5.000000000000000000e+02
-5.000000000000000000e+02
-4.993799999999999955e+02
-3.814100000000000250e+02
-3.646999999999999886e+02
-3.442799999999999727e+02
-4.820799999999999841e+02
-4.743799999999999955e+02
-2.276299999999999955e+02
-3.682599999999999909e+02
-5.000000000000000000e+02
-4.445199999999999818e+02
-2.655000000000000000e+02
-5.000000000000000000e+02
