-5.000000000000000000e+02
-4.737699999999999818e+02
-4.837400000000000091e+02
-2.347599999999999909e+02
-2.051800000000000068e+02
-2.936000000000000227e+02
-1.295099999999999909e+02
-4.514200000000000159e+02
-5.000000000000000000e+02
-4.400400000000000205e+02
-2.311599999999999966e+02
-3.866700000000000159e+02
-5.000000000000000000e+02
-3.002699999999999818e+02
-5.000000000000000000e+02
-1.597700000000000102e+02
-3.159900000000000091e+02
-1.422899999999999920e+02
-4.701200000000000045e+02
-3.578600000000000136e+02
