-5.000000000000000000e+02
-5.000000000000000000e+02
-5.000000000000000000e+02
-5.000000000000000000e+02
-5.000000000000000000e+02
-4.990500000000000114e+02
-5.000000000000000000e+02
-5.000000000000000000e+02
-4.905400000000000205e+02
-4.464499999999999886e+02
-2.721600000000000250e+02
-4.898500000000000227e+02
-4.697699999999999818e+02
-4.452799999999999727e+02
-4.872599999999999909e+02
-3.972300000000000182e+02
-5.000000000000000000e+02
-4.712900000000000205e+02
-5.000000000000000000e+02
-3.659300000000000068e+02
