-5.000000000000000000e+02
-4.997300000000000182e+02
-5.000000000000000000e+02
-5.000000000000000000e+02
-5.000000000000000000e+02
-4.842699999999999818e+02
-5.000000000000000000e+02
-4.845000000000000000e+02
-5.000000000000000000e+02
-9.948999999999999488e+01
-3.388600000000000136e+02
-5.000000000000000000e+02
-3.057799999999999727e+02
-5.000000000000000000e+02
-4.814100000000000250e+02
-5.000000000000000000e+02
-4.876200000000000045e+02
-5.000000000000000000e+02
-4.904900000000000091e+02
-5.000000000000000000e+02
