-5.000000000000000000e+02
-4.117500000000000000e+02
-5.000000000000000000e+02
-4.560400000000000205e+02
-2.001899999999999977e+02
-2.096800000000000068e+02
-1.384799999999999898e+02
-3.082699999999999818e+02
-4.624499999999999886e+02
-4.990699999999999932e+02
-4.860899999999999750e+02
-4.918999999999999773e+02
-4.861000000000000227e+02
-4.027500000000000000e+02
-1.093100000000000023e+02
-5.000000000000000000e+02
-5.000000000000000000e+02
-4.850899999999999750e+02
-5.000000000000000000e+02
-5.000000000000000000e+02
