-5.000000000000000000e+02
-4.995099999999999909e+02
-4.964300000000000068e+02
-4.956899999999999977e+02
-4.763299999999999841e+02
-4.993600000000000136e+02
-4.816899999999999977e+02
-4.961399999999999864e+02
-4.447599999999999909e+02
-3.205500000000000114e+02
-2.330000000000000000e+02
-3.226800000000000068e+02
-4.425799999999999841e+02
-4.259100000000000250e+02
-3.452799999999999727e+02
-1.399399999999999977e+02
-1.788600000000000136e+02
-2.369799999999999898e+02
-1.672599999999999909e+02
-1.920300000000000011e+02
