-5.000000000000000000e+02
-5.000000000000000000e+02
-5.000000000000000000e+02
-5.000000000000000000e+02
-5.000000000000000000e+02
-5.000000000000000000e+02
-4.831399999999999864e+02
-3.909100000000000250e+02
-3.221700000000000159e+02
-4.957400000000000091e+02
-2.349799999999999898e+02
-4.296000000000000227e+02
-5.000000000000000000e+02
-4.909499999999999886e+02
-3.947900000000000205e+02
-4.834100000000000250e+02
-1.639000000000000057e+02
-4.838500000000000227e+02
-4.699200000000000159e+02
-2.171500000000000057e+02
