-5.000000000000000000e+02
-5.000000000000000000e+02
-4.920199999999999818e+02
-5.000000000000000000e+02
-5.000000000000000000e+02
-5.000000000000000000e+02
-4.894300000000000068e+02
-5.000000000000000000e+02
-4.889300000000000068e+02
-4.979399999999999977e+02
-4.503199999999999932e+02
-4.967099999999999795e+02
-2.167400000000000091e+02
-3.037900000000000205e+02
-2.864499999999999886e+02
-4.935600000000000023e+02
-1.656299999999999955e+02
-2.632300000000000182e+02
-4.924100000000000250e+02
-1.742100000000000080e+02
