-5.000000000000000000e+02
-5.000000000000000000e+02
-4.930600000000000023e+02
-4.387200000000000273e+02
-5.000000000000000000e+02
-5.000000000000000000e+02
-5.000000000000000000e+02
-5.000000000000000000e+02
-4.408399999999999750e+02
-4.994599999999999795e+02
-2.930000000000000000e+02
-4.550099999999999909e+02
-4.851600000000000250e+02
-1.913300000000000125e+02
-4.973199999999999932e+02
-1.676299999999999955e+02
-3.607400000000000091e+02
-1.621999999999999886e+02
-4.466999999999999886e+02
-2.378899999999999864e+02
