-5.000000000000000000e+02
-5.000000000000000000e+02
-5.000000000000000000e+02
-5.000000000000000000e+02
-5.000000000000000000e+02
-4.837900000000000205e+02
-4.393999999999999773e+02
-4.141999999999999886e+02
-4.962699999999999818e+02
-4.437599999999999909e+02
-3.731100000000000136e+02
-3.631899999999999977e+02
-4.970699999999999932e+02
-2.214499999999999886e+02
-1.956200000000000045e+02
-4.970099999999999909e+02
-3.207599999999999909e+02
-2.950799999999999841e+02
-4.825799999999999841e+02
-1.755200000000000102e+02
