-4.994800000000000182e+02
-4.924200000000000159e+02
-5.000000000000000000e+02
-5.000000000000000000e+02
-5.000000000000000000e+02
-5.000000000000000000e+02
-1.285800000000000125e+02
-3.760899999999999750e+02
-5.000000000000000000e+02
-2.979300000000000068e+02
-1.388700000000000045e+02
-4.547200000000000273e+02
-4.993799999999999955e+02
-5.000000000000000000e+02
-4.831200000000000045e+02
-5.000000000000000000e+02
-4.890500000000000114e+02
-5.000000000000000000e+02
-5.000000000000000000e+02
-5.000000000000000000e+02
