-4.981299999999999955e+02
-5.000000000000000000e+02
-4.981999999999999886e+02
-4.970299999999999727e+02
-4.930299999999999727e+02
-4.631000000000000227e+02
-4.960000000000000000e+02
-4.987900000000000205e+02
-4.563799999999999955e+02
-4.432799999999999727e+02
-5.000000000000000000e+02
-4.873100000000000023e+02
-4.978500000000000227e+02
-5.000000000000000000e+02
-4.944900000000000091e+02
-4.817200000000000273e+02
-5.000000000000000000e+02
-4.782099999999999795e+02
-1.793199999999999932e+02
-3.259700000000000273e+02
