-5.000000000000000000e+02
-5.000000000000000000e+02
-5.000000000000000000e+02
-5.000000000000000000e+02
-4.997799999999999727e+02
-4.672500000000000000e+02
-5.000000000000000000e+02
-5.000000000000000000e+02
-5.000000000000000000e+02
-5.000000000000000000e+02
-5.000000000000000000e+02
-4.973799999999999955e+02
-5.000000000000000000e+02
-4.786399999999999864e+02
-4.706399999999999864e+02
-4.485099999999999909e+02
-2.367899999999999920e+02
-4.571899999999999977e+02
-3.261899999999999977e+02
-4.997300000000000182e+02
