-4.980199999999999818e+02
-5.000000000000000000e+02
-5.000000000000000000e+02
-4.988299999999999841e+02
-5.000000000000000000e+02
-5.000000000000000000e+02
-4.994100000000000250e+02
-4.956700000000000159e+02
-4.803299999999999841e+02
-4.703399999999999750e+02
-4.182500000000000000e+02
-4.937400000000000091e+02
-4.831999999999999886e+02
-3.877799999999999727e+02
-4.942900000000000205e+02
-5.000000000000000000e+02
-3.496200000000000045e+02
-3.348399999999999750e+02
-3.146399999999999864e+02
-1.401200000000000045e+02
