-5.000000000000000000e+02
-4.995199999999999818e+02
-4.792599999999999909e+02
-5.000000000000000000e+02
-4.988700000000000045e+02
-5.000000000000000000e+02
-4.986299999999999955e+02
-4.792400000000000091e+02
-2.021999999999999886e+02
-3.330199999999999818e+02
-4.637699999999999818e+02
-3.888600000000000136e+02
-1.752500000000000000e+02
-3.121000000000000227e+02
-2.423300000000000125e+02
-4.615899999999999750e+02
-4.457099999999999795e+02
-1.900200000000000102e+02
-1.686899999999999977e+02
-1.970000000000000000e+02
