-5.000000000000000000e+02
-4.917200000000000273e+02
-4.990899999999999750e+02
-4.993000000000000114e+02
-5.000000000000000000e+02
-5.000000000000000000e+02
-5.000000000000000000e+02
-5.000000000000000000e+02
-5.000000000000000000e+02
-5.000000000000000000e+02
-5.000000000000000000e+02
-4.926200000000000045e+02
-3.842900000000000205e+02
-3.860600000000000023e+02
-5.000000000000000000e+02
-4.389499999999999886e+02
-3.948999999999999773e+02
-3.667599999999999909e+02
-3.110099999999999909e+02
-2.350800000000000125e+02
