-5.000000000000000000e+02
-5.000000000000000000e+02
-5.000000000000000000e+02
-5.000000000000000000e+02
-5.000000000000000000e+02
-4.856800000000000068e+02
-5.000000000000000000e+02
-4.919700000000000273e+02
-5.000000000000000000e+02
-3.598799999999999955e+02
-5.000000000000000000e+02
-4.854800000000000182e+02
-5.000000000000000000e+02
-5.000000000000000000e+02
-4.701899999999999977e+02
-4.990299999999999727e+02
-1.709699999999999989e+02
-1.601999999999999886e+02
-1.115600000000000023e+02
-1.955200000000000102e+02
