-5.000000000000000000e+02
-5.000000000000000000e+02
-5.000000000000000000e+02
-5.000000000000000000e+02
-5.000000000000000000e+02
-5.000000000000000000e+02
-5.000000000000000000e+02
-4.655500000000000114e+02
-4.841899999999999977e+02
-4.442799999999999727e+02
-4.843700000000000045e+02
-1.921800000000000068e+02
-4.329100000000000250e+02
-4.694499999999999886e+02
-4.970099999999999909e+02
-5.000000000000000000e+02
-3.228199999999999932e+02
-2.444600000000000080e+02
-2.937500000000000000e+02
-4.967900000000000205e+02
