-5.000000000000000000e+02
-5.000000000000000000e+02
-5.000000000000000000e+02
-4.845600000000000023e+02
-5.000000000000000000e+02
-4.962599999999999909e+02
-4.795799999999999841e+02
-5.000000000000000000e+02
-4.851800000000000068e+02
-4.937200000000000273e+02
-4.800699999999999932e+02
-5.000000000000000000e+02
-3.758700000000000045e+02
-3.433600000000000136e+02
-2.813899999999999864e+02
-4.977500000000000000e+02
-3.858000000000000114e+02
-2.986999999999999886e+02
-2.901700000000000159e+02
-3.670500000000000114e+02
