-5.000000000000000000e+02
-4.996299999999999955e+02
-4.970199999999999818e+02
-4.888600000000000136e+02
-4.941200000000000045e+02
-4.929700000000000273e+02
-4.376200000000000045e+02
-4.908899999999999864e+02
-4.083600000000000136e+02
-4.608899999999999864e+02
-2.256299999999999955e+02
-4.701600000000000250e+02
-4.668600000000000136e+02
-4.565500000000000114e+02
-4.195899999999999750e+02
-4.797900000000000205e+02
-2.622699999999999818e+02
-3.941999999999999886e+02
-4.024300000000000068e+02
-5.000000000000000000e+02
