-5.000000000000000000e+02
-5.000000000000000000e+02
-4.848199999999999932e+02
-5.000000000000000000e+02
-4.978299999999999841e+02
-4.832500000000000000e+02
-4.977400000000000091e+02
-4.973700000000000045e+02
-4.350899999999999750e+02
-4.102799999999999727e+02
-3.968399999999999750e+02
-4.868299999999999841e+02
-4.994100000000000250e+02
-4.512200000000000273e+02
-4.853799999999999955e+02
-4.355899999999999750e+02
-3.447500000000000000e+02
-3.794800000000000182e+02
-3.002400000000000091e+02
-2.624200000000000159e+02
