-4.987500000000000000e+02
-5.000000000000000000e+02
-5.000000000000000000e+02
-5.000000000000000000e+02
-5.000000000000000000e+02
-5.000000000000000000e+02
-5.000000000000000000e+02
-4.790799999999999841e+02
-5.000000000000000000e+02
-4.893000000000000114e+02
-5.000000000000000000e+02
-5.000000000000000000e+02
-5.000000000000000000e+02
-4.825400000000000205e+02
-5.000000000000000000e+02
-5.000000000000000000e+02
-4.938600000000000136e+02
-5.000000000000000000e+02
-4.771399999999999864e+02
-5.000000000000000000e+02
