-5.000000000000000000e+02
-5.000000000000000000e+02
-5.000000000000000000e+02
-4.997699999999999818e+02
-5.000000000000000000e+02
-4.932900000000000205e+02
-5.000000000000000000e+02
-5.000000000000000000e+02
-5.000000000000000000e+02
-4.978199999999999932e+02
-4.592799999999999727e+02
-4.733299999999999841e+02
-3.790199999999999818e+02
-3.910299999999999727e+02
-2.231100000000000136e+02
-1.861800000000000068e+02
-2.572900000000000205e+02
-1.641399999999999864e+02
-3.382500000000000000e+02
-3.472400000000000091e+02
