-5.000000000000000000e+02
-5.000000000000000000e+02
-5.000000000000000000e+02
-5.000000000000000000e+02
-5.000000000000000000e+02
-4.983899999999999864e+02
-4.674800000000000182e+02
-4.454300000000000068e+02
-4.483799999999999955e+02
-3.920699999999999932e+02
-4.908299999999999841e+02
-3.633399999999999750e+02
-4.715899999999999750e+02
-2.300300000000000011e+02
-4.926399999999999864e+02
-3.954700000000000273e+02
-3.500699999999999932e+02
-5.000000000000000000e+02
-4.929700000000000273e+02
-2.005500000000000114e+02
