-4.961600000000000250e+02
-5.000000000000000000e+02
-4.914100000000000250e+02
-4.860699999999999932e+02
-4.945600000000000023e+02
-4.957799999999999727e+02
-4.924499999999999886e+02
-4.271499999999999773e+02
-4.997599999999999909e+02
-4.953700000000000045e+02
-5.000000000000000000e+02
-4.876700000000000159e+02
-3.972200000000000273e+02
-3.209300000000000068e+02
-4.869800000000000182e+02
-2.833199999999999932e+02
-4.736999999999999886e+02
-1.626899999999999977e+02
-2.360699999999999932e+02
-1.675800000000000125e+02
