-4.967699999999999818e+02
-4.997200000000000273e+02
-4.932599999999999909e+02
-4.985199999999999818e+02
-3.823700000000000045e+02
-5.000000000000000000e+02
-5.000000000000000000e+02
-4.386200000000000045e+02
-4.981700000000000159e+02
-4.612300000000000182e+02
-4.903100000000000023e+02
-2.202400000000000091e+02
-4.794800000000000182e+02
-3.433100000000000023e+02
-3.507500000000000000e+02
-4.379800000000000182e+02
-3.512799999999999727e+02
-3.840099999999999909e+02
-2.018700000000000045e+02
-4.280600000000000023e+02
