-5.000000000000000000e+02
-5.000000000000000000e+02
-4.998199999999999932e+02
-4.849499999999999886e+02
-4.946899999999999977e+02
-4.991800000000000068e+02
-5.000000000000000000e+02
-5.000000000000000000e+02
-4.957500000000000000e+02
-4.976000000000000227e+02
-3.953700000000000045e+02
-4.973199999999999932e+02
-4.404399999999999977e+02
-3.534300000000000068e+02
-2.019199999999999875e+02
-4.038500000000000227e+02
-2.446599999999999966e+02
-4.276800000000000068e+02
-2.774300000000000068e+02
-3.797300000000000182e+02
