-4.967699999999999818e+02
-5.000000000000000000e+02
-4.178399999999999750e+02
-5.000000000000000000e+02
-5.000000000000000000e+02
-1.685600000000000023e+02
-4.991999999999999886e+02
-1.509199999999999875e+02
-1.478899999999999864e+02
-1.367299999999999898e+02
-1.482700000000000102e+02
-5.000000000000000000e+02
-3.676800000000000068e+02
-3.633199999999999932e+02
-4.960099999999999909e+02
-1.636200000000000045e+02
-1.588600000000000136e+02
-1.307199999999999989e+02
-4.939700000000000273e+02
-5.000000000000000000e+02
