-5.000000000000000000e+02
-5.000000000000000000e+02
-5.000000000000000000e+02
-5.000000000000000000e+02
-5.000000000000000000e+02
-5.000000000000000000e+02
-4.975299999999999727e+02
-4.419900000000000091e+02
-5.000000000000000000e+02
-4.713299999999999841e+02
-3.066800000000000068e+02
-5.000000000000000000e+02
-5.000000000000000000e+02
-2.166599999999999966e+02
-4.899100000000000250e+02
-2.359900000000000091e+02
-5.000000000000000000e+02
-5.000000000000000000e+02
-3.777500000000000000e+02
-2.263100000000000023e+02
