-5.000000000000000000e+02
-4.994800000000000182e+02
-5.000000000000000000e+02
-5.000000000000000000e+02
-5.000000000000000000e+02
-4.996100000000000136e+02
-5.000000000000000000e+02
-5.000000000000000000e+02
-5.000000000000000000e+02
-4.966200000000000045e+02
-4.890500000000000114e+02
-4.978799999999999955e+02
-4.599700000000000273e+02
-4.536399999999999864e+02
-3.994300000000000068e+02
-2.944900000000000091e+02
-2.732500000000000000e+02
-4.967900000000000205e+02
-3.926999999999999886e+02
-4.524200000000000159e+02
