-4.964800000000000182e+02
-5.000000000000000000e+02
-4.992099999999999795e+02
-4.989200000000000159e+02
-5.000000000000000000e+02
-4.984800000000000182e+02
-5.000000000000000000e+02
-4.902099999999999795e+02
-4.873999999999999773e+02
-4.975899999999999750e+02
-4.844300000000000068e+02
-4.804900000000000091e+02
-2.993199999999999932e+02
-4.443199999999999932e+02
-4.941899999999999977e+02
-4.649300000000000068e+02
-5.000000000000000000e+02
-2.955899999999999750e+02
-5.000000000000000000e+02
-2.372700000000000102e+02
