-5.000000000000000000e+02
-5.000000000000000000e+02
-4.203500000000000227e+02
-4.598299999999999841e+02
-5.000000000000000000e+02
-5.000000000000000000e+02
-4.996399999999999864e+02
-4.863299999999999841e+02
-4.646499999999999773e+02
-4.964300000000000068e+02
-2.608100000000000023e+02
-3.404399999999999977e+02
-4.750299999999999727e+02
-4.240400000000000205e+02
-4.820799999999999841e+02
-3.112699999999999818e+02
-4.321700000000000159e+02
-2.116999999999999886e+02
-2.214900000000000091e+02
-5.000000000000000000e+02
