-5.000000000000000000e+02
-5.000000000000000000e+02
-5.000000000000000000e+02
-9.701999999999999602e+01
-5.000000000000000000e+02
-3.703999999999999773e+02
-1.042999999999999972e+02
-1.244000000000000057e+02
-1.360800000000000125e+02
-4.750799999999999841e+02
-5.000000000000000000e+02
-1.696599999999999966e+02
-3.627099999999999795e+02
-4.735600000000000023e+02
-1.484600000000000080e+02
-4.668899999999999864e+02
-1.616100000000000136e+02
-5.000000000000000000e+02
-4.276800000000000068e+02
-5.000000000000000000e+02
