-5.000000000000000000e+02
-4.892099999999999795e+02
-4.723799999999999955e+02
-4.992900000000000205e+02
-4.763899999999999864e+02
-5.000000000000000000e+02
-5.000000000000000000e+02
-4.653000000000000114e+02
-5.000000000000000000e+02
-4.311200000000000045e+02
-4.970199999999999818e+02
-3.986899999999999977e+02
-3.078100000000000023e+02
-5.000000000000000000e+02
-1.956500000000000057e+02
-4.302099999999999795e+02
-4.681100000000000136e+02
-2.611000000000000227e+02
-4.100000000000000000e+02
-1.475500000000000114e+02
