-5.000000000000000000e+02
-5.000000000000000000e+02
-5.000000000000000000e+02
-5.000000000000000000e+02
-5.000000000000000000e+02
-5.000000000000000000e+02
-4.984100000000000250e+02
-5.000000000000000000e+02
-4.924200000000000159e+02
-5.000000000000000000e+02
-4.513100000000000023e+02
-4.119499999999999886e+02
-3.785600000000000023e+02
-3.958700000000000045e+02
-4.842400000000000091e+02
-4.020099999999999909e+02
-4.856499999999999773e+02
-4.529300000000000068e+02
-4.001100000000000136e+02
-4.137400000000000091e+02
