-5.000000000000000000e+02
-5.000000000000000000e+02
-4.908000000000000114e+02
-4.705899999999999750e+02
-4.405600000000000023e+02
-5.000000000000000000e+02
-5.000000000000000000e+02
-5.000000000000000000e+02
-4.999599999999999795e+02
-4.924800000000000182e+02
-4.126600000000000250e+02
-4.963500000000000227e+02
-3.603700000000000045e+02
-2.716000000000000227e+02
-3.405099999999999909e+02
-4.169599999999999795e+02
-3.269499999999999886e+02
-3.351000000000000227e+02
-2.516599999999999966e+02
-1.970999999999999943e+02
