-5.000000000000000000e+02
-5.000000000000000000e+02
-4.994300000000000068e+02
-5.000000000000000000e+02
-5.000000000000000000e+02
-4.997200000000000273e+02
-5.000000000000000000e+02
-4.957099999999999795e+02
-4.646200000000000045e+02
-3.945799999999999841e+02
-4.525699999999999932e+02
-5.000000000000000000e+02
-3.064800000000000182e+02
-4.780099999999999909e+02
-3.564100000000000250e+02
-2.843299999999999841e+02
-4.098399999999999750e+02
-4.945600000000000023e+02
-3.321800000000000068e+02
-1.777199999999999989e+02
