-4.924499999999999886e+02
-5.000000000000000000e+02
-4.986899999999999977e+02
-4.994100000000000250e+02
-4.977599999999999909e+02
-5.000000000000000000e+02
-5.000000000000000000e+02
-4.899599999999999795e+02
-4.964399999999999977e+02
-4.712699999999999818e+02
-4.368299999999999841e+02
-4.934599999999999795e+02
-4.172200000000000273e+02
-2.828199999999999932e+02
-4.000699999999999932e+02
-4.165500000000000114e+02
-4.412300000000000182e+02
-4.805400000000000205e+02
-4.729300000000000068e+02
-2.042500000000000000e+02
