-5.000000000000000000e+02
-4.934599999999999795e+02
-4.942799999999999727e+02
-4.940099999999999909e+02
-5.000000000000000000e+02
-4.997099999999999795e+02
-4.990299999999999727e+02
-4.903100000000000023e+02
-4.743299999999999841e+02
-4.924599999999999795e+02
-4.431499999999999773e+02
-5.000000000000000000e+02
-4.524499999999999886e+02
-5.000000000000000000e+02
-1.878400000000000034e+02
-4.951999999999999886e+02
-3.610699999999999932e+02
-1.803100000000000023e+02
-4.861999999999999886e+02
-2.875299999999999727e+02
