-5.000000000000000000e+02
-5.000000000000000000e+02
-1.553700000000000045e+02
-5.000000000000000000e+02
-3.019200000000000159e+02
-2.324000000000000057e+02
-2.121999999999999886e+02
-1.648400000000000034e+02
-5.000000000000000000e+02
-5.000000000000000000e+02
-5.000000000000000000e+02
-5.000000000000000000e+02
-5.000000000000000000e+02
-4.713899999999999864e+02
-5.000000000000000000e+02
-2.334900000000000091e+02
-1.807199999999999989e+02
-4.887400000000000091e+02
-1.566899999999999977e+02
-4.859399999999999977e+02
