-5.000000000000000000e+02
-4.989700000000000273e+02
-4.844900000000000091e+02
-4.946999999999999886e+02
-4.975500000000000114e+02
-4.922500000000000000e+02
-4.743600000000000136e+02
-4.704200000000000159e+02
-4.370899999999999750e+02
-3.119200000000000159e+02
-2.898500000000000227e+02
-2.369499999999999886e+02
-3.457400000000000091e+02
-3.632599999999999909e+02
-4.485699999999999932e+02
-4.004800000000000182e+02
-2.502500000000000000e+02
-2.921999999999999886e+02
-1.637899999999999920e+02
-3.406800000000000068e+02
