-5.000000000000000000e+02
-5.000000000000000000e+02
-4.989399999999999977e+02
-4.868999999999999773e+02
-4.758399999999999750e+02
-5.000000000000000000e+02
-5.000000000000000000e+02
-4.426399999999999864e+02
-4.973799999999999955e+02
-5.000000000000000000e+02
-3.061000000000000227e+02
-4.973999999999999773e+02
-4.347200000000000273e+02
-4.506499999999999773e+02
-4.960400000000000205e+02
-4.473600000000000136e+02
-2.159699999999999989e+02
-2.294399999999999977e+02
-4.487599999999999909e+02
-2.519399999999999977e+02
