-5.000000000000000000e+02
-5.000000000000000000e+02
-5.000000000000000000e+02
-4.852099999999999795e+02
-5.000000000000000000e+02
-5.000000000000000000e+02
-5.000000000000000000e+02
-4.867200000000000273e+02
-4.956999999999999886e+02
-4.636399999999999864e+02
-5.000000000000000000e+02
-4.758399999999999750e+02
-2.243100000000000023e+02
-2.931499999999999773e+02
-4.400699999999999932e+02
-2.609599999999999795e+02
-2.448899999999999864e+02
-3.301200000000000045e+02
-5.000000000000000000e+02
-4.809499999999999886e+02
