-5.000000000000000000e+02
-5.000000000000000000e+02
-4.982400000000000091e+02
-4.789900000000000091e+02
-4.694700000000000273e+02
-5.000000000000000000e+02
-5.000000000000000000e+02
-4.890099999999999909e+02
-3.367599999999999909e+02
-2.460099999999999909e+02
-2.621700000000000159e+02
-3.232699999999999818e+02
-4.662599999999999909e+02
-4.713999999999999773e+02
-2.030600000000000023e+02
-3.667200000000000273e+02
-4.984100000000000250e+02
-3.834700000000000273e+02
-4.547200000000000273e+02
-4.132699999999999818e+02
