-4.902200000000000273e+02
-4.944800000000000182e+02
-4.988700000000000045e+02
-5.000000000000000000e+02
-5.000000000000000000e+02
-4.990000000000000000e+02
-5.000000000000000000e+02
-4.602500000000000000e+02
-4.777500000000000000e+02
-4.988799999999999955e+02
-4.562400000000000091e+02
-4.193899999999999864e+02
-3.733199999999999932e+02
-3.533299999999999841e+02
-4.826999999999999886e+02
-3.047400000000000091e+02
-4.464399999999999977e+02
-3.418899999999999864e+02
-2.135800000000000125e+02
-2.431599999999999966e+02
