-4.991499999999999773e+02
-4.992400000000000091e+02
-5.000000000000000000e+02
-4.985299999999999727e+02
-5.000000000000000000e+02
-4.999800000000000182e+02
-5.000000000000000000e+02
-4.948299999999999841e+02
-4.945899999999999750e+02
-4.691499999999999773e+02
-4.973700000000000045e+02
-4.988500000000000227e+02
-4.641800000000000068e+02
-5.000000000000000000e+02
-4.644900000000000091e+02
-2.413600000000000136e+02
-3.903600000000000136e+02
-3.531299999999999955e+02
-3.167599999999999909e+02
-3.034800000000000182e+02
