-5.000000000000000000e+02
-5.000000000000000000e+02
-4.863799999999999955e+02
-4.995699999999999932e+02
-4.716800000000000068e+02
-5.000000000000000000e+02
-3.693000000000000114e+02
-4.926100000000000136e+02
-4.878500000000000227e+02
-2.764399999999999977e+02
-4.966800000000000068e+02
-2.254600000000000080e+02
-3.461600000000000250e+02
-4.214300000000000068e+02
-3.652599999999999909e+02
-5.000000000000000000e+02
-2.019199999999999875e+02
-3.453399999999999750e+02
-3.244599999999999795e+02
-3.316299999999999955e+02
