-5.000000000000000000e+02
-5.000000000000000000e+02
-5.000000000000000000e+02
-4.883199999999999932e+02
-4.466100000000000136e+02
-4.964100000000000250e+02
-3.857300000000000182e+02
-4.159399999999999977e+02
-4.294499999999999886e+02
-4.953899999999999864e+02
-4.018500000000000227e+02
-3.627200000000000273e+02
-4.079100000000000250e+02
-4.430600000000000023e+02
-2.212100000000000080e+02
-4.070799999999999841e+02
-2.949100000000000250e+02
-1.765600000000000023e+02
-2.122400000000000091e+02
-4.418199999999999932e+02
