-5.000000000000000000e+02
-5.000000000000000000e+02
-5.000000000000000000e+02
-5.000000000000000000e+02
-5.000000000000000000e+02
-4.952400000000000091e+02
-5.000000000000000000e+02
-4.885500000000000114e+02
-4.680099999999999909e+02
-4.509800000000000182e+02
-4.693399999999999750e+02
-3.195299999999999727e+02
-5.000000000000000000e+02
-1.838799999999999955e+02
-3.018700000000000045e+02
-4.398100000000000023e+02
-3.584900000000000091e+02
-1.658100000000000023e+02
-3.710600000000000023e+02
-2.397500000000000000e+02
