-5.000000000000000000e+02
-5.000000000000000000e+02
-4.994700000000000273e+02
-4.998299999999999841e+02
-5.000000000000000000e+02
-5.000000000000000000e+02
-5.000000000000000000e+02
-4.404599999999999795e+02
-5.000000000000000000e+02
-4.896000000000000227e+02
-4.996399999999999864e+02
-5.000000000000000000e+02
-4.959800000000000182e+02
-4.719100000000000250e+02
-2.734700000000000273e+02
-5.000000000000000000e+02
-4.517300000000000182e+02
-4.496100000000000136e+02
-5.000000000000000000e+02
-4.587500000000000000e+02
