-5.000000000000000000e+02
-5.000000000000000000e+02
-5.000000000000000000e+02
-5.000000000000000000e+02
-5.000000000000000000e+02
-5.000000000000000000e+02
-5.000000000000000000e+02
-5.000000000000000000e+02
-5.000000000000000000e+02
-4.156399999999999864e+02
-2.578500000000000227e+02
-3.547200000000000273e+02
-2.768899999999999864e+02
-3.204700000000000273e+02
-3.536600000000000250e+02
-4.810000000000000000e+02
-5.000000000000000000e+02
-5.000000000000000000e+02
-1.694199999999999875e+02
-2.240800000000000125e+02
