-4.871600000000000250e+02
-4.999300000000000068e+02
-5.000000000000000000e+02
-4.846999999999999886e+02
-4.631499999999999773e+02
-4.985199999999999818e+02
-4.945099999999999909e+02
-4.992500000000000000e+02
-4.944700000000000273e+02
-4.654100000000000250e+02
-2.595500000000000114e+02
-3.820000000000000000e+02
-4.892500000000000000e+02
-1.855900000000000034e+02
-1.763400000000000034e+02
-4.895600000000000023e+02
-1.520099999999999909e+02
-4.684399999999999977e+02
-2.967699999999999818e+02
-1.884499999999999886e+02
