-5.000000000000000000e+02
-5.000000000000000000e+02
-5.000000000000000000e+02
-5.000000000000000000e+02
-1.124500000000000028e+02
-3.608899999999999864e+02
-5.000000000000000000e+02
-8.682999999999999829e+01
-1.459199999999999875e+02
-4.998600000000000136e+02
-1.465200000000000102e+02
-4.966899999999999977e+02
-3.704900000000000091e+02
-5.000000000000000000e+02
-5.000000000000000000e+02
-5.000000000000000000e+02
-4.851100000000000136e+02
-5.000000000000000000e+02
-1.266099999999999994e+02
-1.976999999999999886e+02
