-5.000000000000000000e+02
-5.000000000000000000e+02
-5.000000000000000000e+02
-5.000000000000000000e+02
-4.983600000000000136e+02
-4.983899999999999864e+02
-4.934200000000000159e+02
-3.859100000000000250e+02
-3.640299999999999727e+02
-3.352799999999999727e+02
-2.652699999999999818e+02
-4.091700000000000159e+02
-2.682099999999999795e+02
-3.418600000000000136e+02
-3.989900000000000091e+02
-3.909499999999999886e+02
-2.321699999999999875e+02
-5.000000000000000000e+02
-2.048700000000000045e+02
-4.370199999999999818e+02
