-4.831899999999999977e+02
-5.000000000000000000e+02
-4.993700000000000045e+02
-4.995799999999999841e+02
-4.969800000000000182e+02
-5.000000000000000000e+02
-4.915799999999999841e+02
-4.969100000000000250e+02
-4.810000000000000000e+02
-4.478999999999999773e+02
-3.683000000000000114e+02
-4.952099999999999795e+02
-4.500600000000000023e+02
-4.807500000000000000e+02
-3.344700000000000273e+02
-4.310799999999999841e+02
-2.358799999999999955e+02
-4.910600000000000023e+02
-4.368700000000000045e+02
-3.566999999999999886e+02
