-5.000000000000000000e+02
-5.000000000000000000e+02
-5.000000000000000000e+02
-5.000000000000000000e+02
-5.000000000000000000e+02
-4.969700000000000273e+02
-5.000000000000000000e+02
-1.199699999999999989e+02
-4.575000000000000000e+02
-1.431999999999999886e+02
-1.707800000000000011e+02
-1.815999999999999943e+02
-1.500800000000000125e+02
-1.833100000000000023e+02
-3.835099999999999909e+02
-4.089399999999999977e+02
-2.793199999999999932e+02
-1.433700000000000045e+02
-1.984099999999999966e+02
-1.483899999999999864e+02
