-4.945199999999999818e+02
-5.000000000000000000e+02
-4.994399999999999977e+02
-5.000000000000000000e+02
-5.000000000000000000e+02
-5.000000000000000000e+02
-4.994100000000000250e+02
-4.976200000000000045e+02
-4.574499999999999886e+02
-4.929700000000000273e+02
-3.042599999999999909e+02
-3.624300000000000068e+02
-2.094799999999999898e+02
-5.000000000000000000e+02
-3.836899999999999977e+02
-1.753899999999999864e+02
-2.248400000000000034e+02
-2.025300000000000011e+02
-3.849900000000000091e+02
-4.892699999999999818e+02
