-5.000000000000000000e+02
-5.000000000000000000e+02
-5.000000000000000000e+02
-4.957099999999999795e+02
-5.000000000000000000e+02
-4.993299999999999841e+02
-4.106499999999999773e+02
-4.559100000000000250e+02
-4.598000000000000114e+02
-4.517099999999999795e+02
-4.996800000000000068e+02
-2.940500000000000114e+02
-5.000000000000000000e+02
-4.442699999999999818e+02
-3.958399999999999750e+02
-3.953399999999999750e+02
-4.416499999999999773e+02
-1.753799999999999955e+02
-4.255699999999999932e+02
-3.516100000000000136e+02
