-4.902200000000000273e+02
-5.000000000000000000e+02
-5.000000000000000000e+02
-5.000000000000000000e+02
-4.995799999999999841e+02
-5.000000000000000000e+02
-4.916200000000000045e+02
-3.921600000000000250e+02
-4.937699999999999818e+02
-3.267400000000000091e+02
-3.522099999999999795e+02
-5.000000000000000000e+02
-4.929599999999999795e+02
-3.938600000000000136e+02
-4.956999999999999886e+02
-4.201999999999999886e+02
-3.831299999999999955e+02
-4.939800000000000182e+02
-2.826600000000000250e+02
-4.346200000000000045e+02
