-4.967699999999999818e+02
-5.000000000000000000e+02
-5.000000000000000000e+02
-4.989200000000000159e+02
-4.984900000000000091e+02
-5.000000000000000000e+02
-4.808399999999999750e+02
-4.842900000000000205e+02
-3.865400000000000205e+02
-4.956100000000000136e+02
-4.789300000000000068e+02
-4.923500000000000227e+02
-1.674499999999999886e+02
-2.461999999999999886e+02
-2.068000000000000114e+02
-3.728600000000000136e+02
-1.556899999999999977e+02
-2.769499999999999886e+02
-3.591899999999999977e+02
-1.440300000000000011e+02
