-5.000000000000000000e+02
-5.000000000000000000e+02
-4.892699999999999818e+02
-5.000000000000000000e+02
-4.996600000000000250e+02
-4.178100000000000023e+02
-4.986899999999999977e+02
-4.795400000000000205e+02
-4.771899999999999977e+02
-4.234300000000000068e+02
-2.380999999999999943e+02
-4.676899999999999977e+02
-2.976700000000000159e+02
-1.806800000000000068e+02
-2.564499999999999886e+02
-4.263100000000000023e+02
-2.192100000000000080e+02
-4.113999999999999773e+02
-1.999399999999999977e+02
-1.455099999999999909e+02
