-5.000000000000000000e+02
-5.000000000000000000e+02
-5.000000000000000000e+02
-4.974700000000000273e+02
-4.973199999999999932e+02
-5.000000000000000000e+02
-4.999499999999999886e+02
-4.894399999999999977e+02
-4.831800000000000068e+02
-4.817900000000000205e+02
-4.926600000000000250e+02
-4.502599999999999909e+02
-4.389200000000000159e+02
-4.930500000000000114e+02
-3.624599999999999795e+02
-3.823500000000000227e+02
-1.947500000000000000e+02
-2.926000000000000227e+02
-3.251399999999999864e+02
-2.710199999999999818e+02
