-5.000000000000000000e+02
-4.655199999999999818e+02
-5.000000000000000000e+02
-4.962500000000000000e+02
-5.000000000000000000e+02
-1.585999999999999943e+02
-4.926999999999999886e+02
-2.462299999999999898e+02
-1.693499999999999943e+02
-1.419900000000000091e+02
-2.460099999999999909e+02
-4.002900000000000205e+02
-4.960699999999999932e+02
-5.000000000000000000e+02
-5.000000000000000000e+02
-4.788100000000000023e+02
-5.000000000000000000e+02
-4.774499999999999886e+02
-5.000000000000000000e+02
-4.819700000000000273e+02
