-5.000000000000000000e+02
-5.000000000000000000e+02
-5.000000000000000000e+02
-5.000000000000000000e+02
-5.000000000000000000e+02
-4.940600000000000023e+02
-4.986600000000000250e+02
-4.949100000000000250e+02
-4.916800000000000068e+02
-4.974300000000000068e+02
-4.717699999999999818e+02
-4.948100000000000023e+02
-1.604699999999999989e+02
-4.586299999999999955e+02
-4.675699999999999932e+02
-2.966000000000000227e+02
-4.887799999999999727e+02
-1.519600000000000080e+02
-2.607599999999999909e+02
-2.794800000000000182e+02
