-5.000000000000000000e+02
-4.986200000000000045e+02
-5.000000000000000000e+02
-4.827900000000000205e+02
-5.000000000000000000e+02
-4.974100000000000250e+02
-4.983600000000000136e+02
-4.952900000000000205e+02
-4.995400000000000205e+02
-5.000000000000000000e+02
-4.290500000000000114e+02
-4.476299999999999955e+02
-4.462200000000000273e+02
-4.383500000000000227e+02
-4.201899999999999977e+02
-3.491800000000000068e+02
-2.059499999999999886e+02
-2.998999999999999773e+02
-2.521899999999999977e+02
-2.610699999999999932e+02
