-4.924499999999999886e+02
-5.000000000000000000e+02
-5.000000000000000000e+02
-3.070099999999999909e+02
-5.000000000000000000e+02
-5.000000000000000000e+02
-1.835500000000000114e+02
-4.055000000000000000e+02
-4.989399999999999977e+02
-1.657199999999999989e+02
-1.633799999999999955e+02
-1.619099999999999966e+02
-3.433399999999999750e+02
-2.624300000000000068e+02
-5.000000000000000000e+02
-1.735200000000000102e+02
-3.466800000000000068e+02
-4.810699999999999932e+02
-1.927800000000000011e+02
-1.922800000000000011e+02
