-5.000000000000000000e+02
-5.000000000000000000e+02
-4.991800000000000068e+02
-5.000000000000000000e+02
-4.981399999999999864e+02
-5.000000000000000000e+02
-5.000000000000000000e+02
-5.000000000000000000e+02
-4.857900000000000205e+02
-5.000000000000000000e+02
-3.201299999999999955e+02
-3.795099999999999909e+02
-2.978299999999999841e+02
-2.957900000000000205e+02
-4.496200000000000045e+02
-4.739599999999999795e+02
-4.736100000000000136e+02
-4.913999999999999773e+02
-4.521299999999999955e+02
-2.479199999999999875e+02
