-5.000000000000000000e+02
-5.000000000000000000e+02
-5.000000000000000000e+02
-5.000000000000000000e+02
-5.000000000000000000e+02
-5.000000000000000000e+02
-5.000000000000000000e+02
-5.000000000000000000e+02
-5.000000000000000000e+02
-5.000000000000000000e+02
-4.851000000000000227e+02
-5.000000000000000000e+02
-2.725799999999999841e+02
-5.000000000000000000e+02
-4.813100000000000023e+02
-5.000000000000000000e+02
-5.000000000000000000e+02
-1.016299999999999955e+02
-5.000000000000000000e+02
-5.000000000000000000e+02
