-4.987500000000000000e+02
-4.926200000000000045e+02
-4.830000000000000000e+02
-4.987200000000000273e+02
-4.677400000000000091e+02
-4.000000000000000000e+02
-4.166600000000000250e+02
-2.629399999999999977e+02
-2.859200000000000159e+02
-4.915899999999999750e+02
-2.695899999999999750e+02
-5.000000000000000000e+02
-4.433299999999999841e+02
-4.138199999999999932e+02
-1.647100000000000080e+02
-4.952500000000000000e+02
-1.903700000000000045e+02
-3.546299999999999955e+02
-4.944700000000000273e+02
-2.364900000000000091e+02
