-4.967699999999999818e+02
-5.000000000000000000e+02
-5.000000000000000000e+02
-4.998500000000000227e+02
-4.978299999999999841e+02
-5.000000000000000000e+02
-4.925400000000000205e+02
-4.942799999999999727e+02
-4.712300000000000182e+02
-3.773899999999999864e+02
-5.000000000000000000e+02
-4.964599999999999795e+02
-2.767599999999999909e+02
-5.000000000000000000e+02
-4.915699999999999932e+02
-4.977900000000000205e+02
-3.198799999999999955e+02
-3.198000000000000114e+02
-3.735899999999999750e+02
-2.315099999999999909e+02
