-5.000000000000000000e+02
-5.000000000000000000e+02
-5.000000000000000000e+02
-5.000000000000000000e+02
-5.000000000000000000e+02
-4.832400000000000091e+02
-4.077699999999999818e+02
-4.738799999999999955e+02
-4.787400000000000091e+02
-2.127899999999999920e+02
-4.482500000000000000e+02
-4.819399999999999977e+02
-2.060500000000000114e+02
-2.665400000000000205e+02
-2.678100000000000023e+02
-4.031800000000000068e+02
-3.395899999999999750e+02
-2.269300000000000068e+02
-4.892699999999999818e+02
-4.902699999999999818e+02
