-5.000000000000000000e+02
-4.441299999999999955e+02
-5.000000000000000000e+02
-5.000000000000000000e+02
-5.000000000000000000e+02
-4.073999999999999773e+02
-4.256499999999999773e+02
-3.992599999999999909e+02
-4.720899999999999750e+02
-4.972300000000000182e+02
-4.868700000000000045e+02
-2.024099999999999966e+02
-4.185199999999999818e+02
-1.731299999999999955e+02
-2.710799999999999841e+02
-1.876599999999999966e+02
-3.973299999999999841e+02
-1.692100000000000080e+02
-3.181000000000000227e+02
-3.797099999999999795e+02
