-4.994800000000000182e+02
-5.000000000000000000e+02
-4.951499999999999773e+02
-4.985799999999999841e+02
-4.953999999999999773e+02
-4.115299999999999727e+02
-3.291499999999999773e+02
-4.976200000000000045e+02
-4.935600000000000023e+02
-4.937200000000000273e+02
-4.963600000000000136e+02
-3.189499999999999886e+02
-3.354499999999999886e+02
-4.800799999999999841e+02
-2.405200000000000102e+02
-2.377700000000000102e+02
-2.007599999999999909e+02
-4.578299999999999841e+02
-1.456699999999999875e+02
-1.397700000000000102e+02
