-5.000000000000000000e+02
-4.985099999999999909e+02
-4.970600000000000023e+02
-5.000000000000000000e+02
-5.000000000000000000e+02
-5.000000000000000000e+02
-5.000000000000000000e+02
-4.769800000000000182e+02
-5.000000000000000000e+02
-4.390400000000000205e+02
-4.041399999999999864e+02
-4.899200000000000159e+02
-5.000000000000000000e+02
-3.387699999999999818e+02
-4.829399999999999977e+02
-3.050799999999999841e+02
-5.000000000000000000e+02
-2.640899999999999750e+02
-2.797400000000000091e+02
-1.815200000000000102e+02
