-5.000000000000000000e+02
-4.911100000000000136e+02
-4.997900000000000205e+02
-5.000000000000000000e+02
-4.995400000000000205e+02
-5.000000000000000000e+02
-4.928399999999999750e+02
-5.000000000000000000e+02
-4.994599999999999795e+02
-4.977400000000000091e+02
-3.192799999999999727e+02
-4.886499999999999773e+02
-1.532899999999999920e+02
-4.903199999999999932e+02
-5.000000000000000000e+02
-2.772200000000000273e+02
-2.900699999999999932e+02
-4.740400000000000205e+02
-3.294399999999999977e+02
-4.570000000000000000e+02
