-4.987500000000000000e+02
-4.997099999999999795e+02
-4.926100000000000136e+02
-4.903500000000000227e+02
-5.000000000000000000e+02
-4.791499999999999773e+02
-4.850600000000000023e+02
-2.964499999999999886e+02
-4.993100000000000023e+02
-1.974799999999999898e+02
-4.268999999999999773e+02
-4.992900000000000205e+02
-5.000000000000000000e+02
-5.000000000000000000e+02
-4.349900000000000091e+02
-4.866600000000000250e+02
-4.553700000000000045e+02
-4.863899999999999864e+02
-4.855099999999999909e+02
-4.163500000000000227e+02
