-5.000000000000000000e+02
-5.000000000000000000e+02
-5.000000000000000000e+02
-5.000000000000000000e+02
-5.000000000000000000e+02
-5.000000000000000000e+02
-5.000000000000000000e+02
-5.000000000000000000e+02
-4.989300000000000068e+02
-4.976200000000000045e+02
-4.847699999999999818e+02
-5.000000000000000000e+02
-4.887500000000000000e+02
-5.000000000000000000e+02
-4.994499999999999886e+02
-3.028899999999999864e+02
-1.844600000000000080e+02
-1.821599999999999966e+02
-3.009900000000000091e+02
-1.998499999999999943e+02
