-4.987500000000000000e+02
-4.985400000000000205e+02
-4.567200000000000273e+02
-4.031700000000000159e+02
-5.000000000000000000e+02
-5.000000000000000000e+02
-4.555899999999999750e+02
-5.000000000000000000e+02
-5.000000000000000000e+02
-4.971700000000000159e+02
-4.989900000000000091e+02
-3.880500000000000114e+02
-4.776200000000000045e+02
-2.972400000000000091e+02
-4.001100000000000136e+02
-4.871299999999999955e+02
-4.131000000000000227e+02
-4.943100000000000023e+02
-3.001600000000000250e+02
-2.520399999999999920e+02
