-4.964800000000000182e+02
-5.000000000000000000e+02
-4.910500000000000114e+02
-5.000000000000000000e+02
-4.994300000000000068e+02
-4.564800000000000182e+02
-4.330099999999999909e+02
-4.867200000000000273e+02
-3.722500000000000000e+02
-5.000000000000000000e+02
-5.000000000000000000e+02
-5.000000000000000000e+02
-3.966800000000000068e+02
-4.033700000000000045e+02
-2.928100000000000023e+02
-3.157699999999999818e+02
-2.149099999999999966e+02
-2.238899999999999864e+02
-2.273499999999999943e+02
-2.290000000000000000e+02
