-5.000000000000000000e+02
-5.000000000000000000e+02
-5.000000000000000000e+02
-5.000000000000000000e+02
-4.975699999999999932e+02
-5.000000000000000000e+02
-5.000000000000000000e+02
-5.000000000000000000e+02
-4.983899999999999864e+02
-4.515099999999999909e+02
-4.915600000000000023e+02
-4.955799999999999841e+02
-4.998000000000000114e+02
-3.389700000000000273e+02
-5.000000000000000000e+02
-5.000000000000000000e+02
-4.812400000000000091e+02
-3.508700000000000045e+02
-5.000000000000000000e+02
-4.999800000000000182e+02
