-5.000000000000000000e+02
-4.917699999999999818e+02
-4.987599999999999909e+02
-5.000000000000000000e+02
-4.986800000000000068e+02
-5.000000000000000000e+02
-4.886999999999999886e+02
-4.520799999999999841e+02
-4.491999999999999886e+02
-3.157500000000000000e+02
-5.000000000000000000e+02
-4.866600000000000250e+02
-4.933799999999999955e+02
-5.000000000000000000e+02
-5.000000000000000000e+02
-4.615500000000000114e+02
-4.975099999999999909e+02
-2.589800000000000182e+02
-3.293299999999999841e+02
-4.211700000000000159e+02
