-5.000000000000000000e+02
-4.960600000000000023e+02
-4.879200000000000159e+02
-5.000000000000000000e+02
-4.919499999999999886e+02
-5.000000000000000000e+02
-4.985000000000000000e+02
-4.788399999999999750e+02
-4.825000000000000000e+02
-4.960000000000000000e+02
-4.389200000000000159e+02
-3.172699999999999818e+02
-4.442599999999999909e+02
-5.000000000000000000e+02
-4.382200000000000273e+02
-4.861999999999999886e+02
-3.194300000000000068e+02
-5.000000000000000000e+02
-5.000000000000000000e+02
-3.291800000000000068e+02
