-4.831899999999999977e+02
-5.000000000000000000e+02
-4.974900000000000091e+02
-4.990799999999999841e+02
-5.000000000000000000e+02
-5.000000000000000000e+02
-4.978199999999999932e+02
-4.982799999999999727e+02
-4.952500000000000000e+02
-4.974700000000000273e+02
-4.840400000000000205e+02
-4.683299999999999841e+02
-4.511000000000000227e+02
-4.274399999999999977e+02
-3.699900000000000091e+02
-4.351299999999999955e+02
-3.629599999999999795e+02
-4.996499999999999773e+02
-5.000000000000000000e+02
-2.993700000000000045e+02
