-5.000000000000000000e+02
-4.982799999999999727e+02
-4.997200000000000273e+02
-5.000000000000000000e+02
-5.000000000000000000e+02
-5.000000000000000000e+02
-5.000000000000000000e+02
-5.000000000000000000e+02
-5.000000000000000000e+02
-4.990699999999999932e+02
-3.578899999999999864e+02
-4.948600000000000136e+02
-2.279300000000000068e+02
-3.745299999999999727e+02
-4.973899999999999864e+02
-2.346800000000000068e+02
-4.394100000000000250e+02
-2.870400000000000205e+02
-3.127099999999999795e+02
-2.315699999999999932e+02
