-5.000000000000000000e+02
-4.993799999999999955e+02
-5.000000000000000000e+02
-5.000000000000000000e+02
-5.000000000000000000e+02
-5.000000000000000000e+02
-4.872500000000000000e+02
-4.863399999999999750e+02
-5.000000000000000000e+02
-3.367900000000000205e+02
-3.979200000000000159e+02
-4.030299999999999727e+02
-3.928899999999999864e+02
-2.572300000000000182e+02
-4.848399999999999750e+02
-2.988500000000000227e+02
-4.981000000000000227e+02
-1.658899999999999864e+02
-5.000000000000000000e+02
-1.268100000000000023e+02
