-4.871600000000000250e+02
-5.000000000000000000e+02
-4.989499999999999886e+02
-5.000000000000000000e+02
-4.944599999999999795e+02
-4.776200000000000045e+02
-4.061800000000000068e+02
-2.905199999999999818e+02
-1.690099999999999909e+02
-4.876299999999999955e+02
-2.116899999999999977e+02
-3.140500000000000114e+02
-1.924399999999999977e+02
-4.908899999999999864e+02
-1.542700000000000102e+02
-1.588899999999999864e+02
-1.806800000000000068e+02
-3.860699999999999932e+02
-4.596600000000000250e+02
-2.032400000000000091e+02
