-5.000000000000000000e+02
-5.000000000000000000e+02
-4.974700000000000273e+02
-5.000000000000000000e+02
-4.883899999999999864e+02
-4.938600000000000136e+02
-5.000000000000000000e+02
-5.000000000000000000e+02
-4.775899999999999750e+02
-5.000000000000000000e+02
-4.390899999999999750e+02
-4.478000000000000114e+02
-2.456599999999999966e+02
-4.648600000000000136e+02
-2.579499999999999886e+02
-1.961599999999999966e+02
-3.131999999999999886e+02
-4.360699999999999932e+02
-2.194799999999999898e+02
-1.342500000000000000e+02
