-4.902200000000000273e+02
-5.000000000000000000e+02
-5.000000000000000000e+02
-5.000000000000000000e+02
-4.985000000000000000e+02
-4.985299999999999727e+02
-4.984800000000000182e+02
-4.765799999999999841e+02
-3.348799999999999955e+02
-4.193600000000000136e+02
-3.354399999999999977e+02
-1.583899999999999864e+02
-3.234800000000000182e+02
-2.717300000000000182e+02
-2.926600000000000250e+02
-2.093799999999999955e+02
-4.955400000000000205e+02
-5.000000000000000000e+02
-2.460099999999999909e+02
-3.815799999999999841e+02
