-5.000000000000000000e+02
-5.000000000000000000e+02
-4.829900000000000091e+02
-5.000000000000000000e+02
-5.000000000000000000e+02
-4.995699999999999932e+02
-5.000000000000000000e+02
-5.000000000000000000e+02
-4.898399999999999750e+02
-4.810199999999999818e+02
-4.977900000000000205e+02
-2.957500000000000000e+02
-2.631999999999999886e+02
-2.994499999999999886e+02
-4.903100000000000023e+02
-2.471599999999999966e+02
-2.816100000000000136e+02
-3.455600000000000023e+02
-3.139599999999999795e+02
-4.978999999999999773e+02
