-5.000000000000000000e+02
-5.000000000000000000e+02
-5.000000000000000000e+02
-5.000000000000000000e+02
-4.957300000000000182e+02
-5.000000000000000000e+02
-5.000000000000000000e+02
-5.000000000000000000e+02
-5.000000000000000000e+02
-4.694700000000000273e+02
-5.000000000000000000e+02
-1.466999999999999886e+02
-5.000000000000000000e+02
-1.600800000000000125e+02
-1.116400000000000006e+02
-1.503499999999999943e+02
-1.084500000000000028e+02
-1.511699999999999875e+02
-2.355099999999999909e+02
-4.816299999999999955e+02
