-4.980199999999999818e+02
-5.000000000000000000e+02
-5.000000000000000000e+02
-5.000000000000000000e+02
-5.000000000000000000e+02
-5.000000000000000000e+02
-4.915600000000000023e+02
-5.000000000000000000e+02
-5.000000000000000000e+02
-4.866999999999999886e+02
-4.191600000000000250e+02
-4.907500000000000000e+02
-3.215400000000000205e+02
-4.958500000000000227e+02
-4.292200000000000273e+02
-1.976200000000000045e+02
-4.874700000000000273e+02
-5.000000000000000000e+02
-5.000000000000000000e+02
-3.137799999999999727e+02
