-5.000000000000000000e+02
-5.000000000000000000e+02
-4.989900000000000091e+02
-5.000000000000000000e+02
-4.959800000000000182e+02
-4.968100000000000023e+02
-5.000000000000000000e+02
-5.000000000000000000e+02
-4.979100000000000250e+02
-5.000000000000000000e+02
-5.000000000000000000e+02
-4.551499999999999773e+02
-3.183999999999999773e+02
-4.314900000000000091e+02
-3.515699999999999932e+02
-4.863799999999999955e+02
-4.621200000000000045e+02
-5.000000000000000000e+02
-2.996299999999999955e+02
-2.641100000000000136e+02
