-5.000000000000000000e+02
-4.990299999999999727e+02
-5.000000000000000000e+02
-5.000000000000000000e+02
-5.000000000000000000e+02
-4.858899999999999864e+02
-4.983999999999999773e+02
-4.994300000000000068e+02
-4.821899999999999977e+02
-3.597400000000000091e+02
-3.061899999999999977e+02
-4.015500000000000114e+02
-2.771600000000000250e+02
-4.500400000000000205e+02
-3.754800000000000182e+02
-2.036299999999999955e+02
-1.289300000000000068e+02
-1.304300000000000068e+02
-1.598600000000000136e+02
-4.848899999999999864e+02
