-4.924499999999999886e+02
-5.000000000000000000e+02
-5.000000000000000000e+02
-4.961800000000000068e+02
-4.703299999999999841e+02
-4.994499999999999886e+02
-4.286899999999999977e+02
-4.858600000000000136e+02
-3.035099999999999909e+02
-4.389700000000000273e+02
-5.000000000000000000e+02
-4.842699999999999818e+02
-4.656899999999999977e+02
-4.921200000000000045e+02
-4.580899999999999750e+02
-4.938999999999999773e+02
-1.530900000000000034e+02
-4.390600000000000023e+02
-1.473499999999999943e+02
-3.838999999999999773e+02
