-5.000000000000000000e+02
-4.992699999999999818e+02
-4.992599999999999909e+02
-4.996999999999999886e+02
-5.000000000000000000e+02
-5.000000000000000000e+02
-4.970899999999999750e+02
-4.971100000000000136e+02
-4.685400000000000205e+02
-3.112599999999999909e+02
-4.822699999999999818e+02
-4.219399999999999977e+02
-2.566000000000000227e+02
-4.021800000000000068e+02
-4.714399999999999977e+02
-2.065999999999999943e+02
-4.486899999999999977e+02
-1.988700000000000045e+02
-4.072599999999999909e+02
-3.585699999999999932e+02
