-4.991499999999999773e+02
-5.000000000000000000e+02
-5.000000000000000000e+02
-5.000000000000000000e+02
-5.000000000000000000e+02
-5.000000000000000000e+02
-4.972500000000000000e+02
-4.991100000000000136e+02
-4.782799999999999727e+02
-4.976700000000000159e+02
-4.615199999999999818e+02
-4.924399999999999977e+02
-3.098799999999999955e+02
-4.858100000000000023e+02
-3.505799999999999841e+02
-2.821100000000000136e+02
-2.954599999999999795e+02
-3.719599999999999795e+02
-2.243400000000000034e+02
-3.958700000000000045e+02
