-4.871600000000000250e+02
-5.000000000000000000e+02
-4.956800000000000068e+02
-5.000000000000000000e+02
-4.950699999999999932e+02
-4.982200000000000273e+02
-4.272400000000000091e+02
-4.192200000000000273e+02
-4.063100000000000023e+02
-3.787099999999999795e+02
-2.564900000000000091e+02
-2.828000000000000114e+02
-2.196299999999999955e+02
-2.686000000000000227e+02
-1.686500000000000057e+02
-2.257500000000000000e+02
-1.887700000000000102e+02
-1.756699999999999875e+02
-1.568000000000000114e+02
-2.427400000000000091e+02
