-5.000000000000000000e+02
-5.000000000000000000e+02
-4.998299999999999841e+02
-5.000000000000000000e+02
-5.000000000000000000e+02
-4.811999999999999886e+02
-4.981899999999999977e+02
-4.957500000000000000e+02
-4.813000000000000114e+02
-4.954300000000000068e+02
-4.886899999999999977e+02
-1.692899999999999920e+02
-2.945699999999999932e+02
-2.346299999999999955e+02
-4.284399999999999977e+02
-3.134399999999999977e+02
-3.406499999999999773e+02
-3.887500000000000000e+02
-2.220999999999999943e+02
-2.661000000000000227e+02
