-4.902200000000000273e+02
-5.000000000000000000e+02
-5.000000000000000000e+02
-5.000000000000000000e+02
-4.923500000000000227e+02
-5.000000000000000000e+02
-5.000000000000000000e+02
-4.916100000000000136e+02
-5.000000000000000000e+02
-5.000000000000000000e+02
-4.901100000000000136e+02
-5.000000000000000000e+02
-5.000000000000000000e+02
-4.930299999999999727e+02
-5.000000000000000000e+02
-5.000000000000000000e+02
-4.938000000000000114e+02
-5.000000000000000000e+02
-4.913399999999999750e+02
-5.000000000000000000e+02
