-4.969700000000000273e+02
-5.000000000000000000e+02
-4.979300000000000068e+02
-4.557599999999999909e+02
-4.998799999999999955e+02
-4.965400000000000205e+02
-4.972400000000000091e+02
-4.989399999999999977e+02
-4.640699999999999932e+02
-5.000000000000000000e+02
-4.980299999999999727e+02
-4.448199999999999932e+02
-4.274100000000000250e+02
-5.000000000000000000e+02
-1.833300000000000125e+02
-3.764200000000000159e+02
-2.238600000000000136e+02
-4.164599999999999795e+02
-2.798500000000000227e+02
-2.571999999999999886e+02
