-5.000000000000000000e+02
-4.946999999999999886e+02
-5.000000000000000000e+02
-5.000000000000000000e+02
-5.000000000000000000e+02
-4.864900000000000091e+02
-5.000000000000000000e+02
-1.279200000000000017e+02
-3.078100000000000023e+02
-1.507700000000000102e+02
-1.525600000000000023e+02
-1.044599999999999937e+02
-1.893199999999999932e+02
-2.613799999999999955e+02
-5.000000000000000000e+02
-4.073199999999999932e+02
-1.753799999999999955e+02
-1.879699999999999989e+02
-1.483199999999999932e+02
-1.740999999999999943e+02
