-5.000000000000000000e+02
-5.000000000000000000e+02
-5.000000000000000000e+02
-5.000000000000000000e+02
-4.981899999999999977e+02
-4.986800000000000068e+02
-4.464399999999999977e+02
-5.000000000000000000e+02
-4.521499999999999773e+02
-4.483000000000000114e+02
-3.974399999999999977e+02
-3.649499999999999886e+02
-4.020500000000000114e+02
-4.525799999999999841e+02
-4.236899999999999977e+02
-3.066600000000000250e+02
-2.656200000000000045e+02
-3.798100000000000023e+02
-2.132299999999999898e+02
-3.008000000000000114e+02
