-5.000000000000000000e+02
-5.000000000000000000e+02
-5.000000000000000000e+02
-5.000000000000000000e+02
-5.000000000000000000e+02
-5.000000000000000000e+02
-5.000000000000000000e+02
-5.000000000000000000e+02
-5.000000000000000000e+02
-4.905000000000000000e+02
-5.000000000000000000e+02
-2.019600000000000080e+02
-4.573000000000000114e+02
-1.066299999999999955e+02
-3.702200000000000273e+02
-3.837400000000000091e+02
-2.751600000000000250e+02
-3.968199999999999932e+02
-1.286500000000000057e+02
-1.202399999999999949e+02
