-4.831899999999999977e+02
-4.858399999999999750e+02
-5.000000000000000000e+02
-5.000000000000000000e+02
-5.000000000000000000e+02
-4.991499999999999773e+02
-5.000000000000000000e+02
-5.000000000000000000e+02
-4.863999999999999773e+02
-4.950299999999999727e+02
-4.920000000000000000e+02
-4.813000000000000114e+02
-3.655199999999999818e+02
-4.987799999999999727e+02
-3.386999999999999886e+02
-3.548100000000000023e+02
-4.981800000000000068e+02
-3.773199999999999932e+02
-3.568199999999999932e+02
-3.599800000000000182e+02
