-5.000000000000000000e+02
-5.000000000000000000e+02
-5.000000000000000000e+02
-5.000000000000000000e+02
-5.000000000000000000e+02
-5.000000000000000000e+02
-5.000000000000000000e+02
-4.611100000000000136e+02
-5.000000000000000000e+02
-4.503100000000000023e+02
-4.610600000000000023e+02
-2.634900000000000091e+02
-4.767799999999999727e+02
-4.842799999999999727e+02
-3.245400000000000205e+02
-2.266399999999999864e+02
-3.280400000000000205e+02
-2.109000000000000057e+02
-4.017699999999999818e+02
-2.880600000000000023e+02
