-4.964800000000000182e+02
-5.000000000000000000e+02
-5.000000000000000000e+02
-5.000000000000000000e+02
-4.981100000000000136e+02
-5.000000000000000000e+02
-4.877599999999999909e+02
-4.760299999999999727e+02
-5.000000000000000000e+02
-4.936399999999999864e+02
-4.550699999999999932e+02
-4.585000000000000000e+02
-4.339399999999999977e+02
-3.267099999999999795e+02
-2.418799999999999955e+02
-4.226200000000000045e+02
-1.700300000000000011e+02
-4.551499999999999773e+02
-4.013600000000000136e+02
-4.085799999999999841e+02
