-5.000000000000000000e+02
-5.000000000000000000e+02
-5.000000000000000000e+02
-5.000000000000000000e+02
-4.969599999999999795e+02
-5.000000000000000000e+02
-4.996999999999999886e+02
-5.000000000000000000e+02
-5.000000000000000000e+02
-5.000000000000000000e+02
-4.993299999999999841e+02
-5.000000000000000000e+02
-4.262699999999999818e+02
-5.000000000000000000e+02
-4.747500000000000000e+02
-3.282799999999999727e+02
-4.446999999999999886e+02
-4.843600000000000136e+02
-5.000000000000000000e+02
-5.000000000000000000e+02
