-4.876399999999999864e+02
-4.604599999999999795e+02
-5.000000000000000000e+02
-4.870000000000000000e+02
-4.997099999999999795e+02
-4.704800000000000182e+02
-5.000000000000000000e+02
-4.923199999999999932e+02
-4.900799999999999841e+02
-4.159599999999999795e+02
-4.574599999999999795e+02
-4.940500000000000114e+02
-2.691100000000000136e+02
-4.962900000000000205e+02
-3.076299999999999955e+02
-3.428199999999999932e+02
-4.367799999999999727e+02
-3.604200000000000159e+02
-3.588799999999999955e+02
-4.999399999999999977e+02
