-5.000000000000000000e+02
-4.945699999999999932e+02
-4.983999999999999773e+02
-5.000000000000000000e+02
-5.000000000000000000e+02
-4.689700000000000273e+02
-4.818100000000000023e+02
-4.729200000000000159e+02
-4.733500000000000227e+02
-5.000000000000000000e+02
-4.471100000000000136e+02
-3.972200000000000273e+02
-2.644599999999999795e+02
-4.815199999999999818e+02
-4.489599999999999795e+02
-3.162500000000000000e+02
-3.358199999999999932e+02
-4.738500000000000227e+02
-4.142599999999999909e+02
-2.191699999999999875e+02
