-5.000000000000000000e+02
-5.000000000000000000e+02
-4.927300000000000182e+02
-5.000000000000000000e+02
-5.000000000000000000e+02
-4.902599999999999909e+02
-5.000000000000000000e+02
-5.000000000000000000e+02
-4.275899999999999750e+02
-3.841399999999999864e+02
-5.000000000000000000e+02
-4.242300000000000182e+02
-5.000000000000000000e+02
-4.937400000000000091e+02
-3.592799999999999727e+02
-2.551200000000000045e+02
-2.529600000000000080e+02
-4.922300000000000182e+02
-3.106000000000000227e+02
-2.855400000000000205e+02
