-4.963999999999999773e+02
-4.829900000000000091e+02
-5.000000000000000000e+02
-5.000000000000000000e+02
-4.999700000000000273e+02
-4.966000000000000227e+02
-4.989599999999999795e+02
-4.993799999999999955e+02
-5.000000000000000000e+02
-4.830199999999999818e+02
-5.000000000000000000e+02
-4.566299999999999955e+02
-4.833999999999999773e+02
-4.811800000000000068e+02
-4.971200000000000045e+02
-1.676899999999999977e+02
-5.000000000000000000e+02
-4.220699999999999932e+02
-4.940299999999999727e+02
-4.865600000000000023e+02
