-4.963999999999999773e+02
-4.994700000000000273e+02
-4.951600000000000250e+02
-5.000000000000000000e+02
-4.954700000000000273e+02
-4.989800000000000182e+02
-4.984800000000000182e+02
-4.974399999999999977e+02
-4.943500000000000227e+02
-4.559900000000000091e+02
-4.967799999999999727e+02
-3.326200000000000045e+02
-4.498700000000000045e+02
-1.728600000000000136e+02
-4.989599999999999795e+02
-3.561800000000000068e+02
-4.503899999999999864e+02
-3.094300000000000068e+02
-4.218600000000000136e+02
-4.508500000000000227e+02
