-4.963999999999999773e+02
-4.894900000000000091e+02
-4.828399999999999750e+02
-5.000000000000000000e+02
-4.342599999999999909e+02
-5.000000000000000000e+02
-5.000000000000000000e+02
-5.000000000000000000e+02
-5.000000000000000000e+02
-4.825000000000000000e+02
-5.000000000000000000e+02
-4.833700000000000045e+02
-5.000000000000000000e+02
-1.628700000000000045e+02
-1.215900000000000034e+02
-1.778100000000000023e+02
-4.931200000000000045e+02
-1.536299999999999955e+02
-2.015699999999999932e+02
-3.034700000000000273e+02
