-5.000000000000000000e+02
-4.963999999999999773e+02
-4.987799999999999727e+02
-4.999800000000000182e+02
-4.953399999999999750e+02
-5.000000000000000000e+02
-5.000000000000000000e+02
-5.000000000000000000e+02
-5.000000000000000000e+02
-2.371500000000000057e+02
-2.058100000000000023e+02
-3.865000000000000000e+02
-2.863000000000000114e+02
-2.860400000000000205e+02
-4.485199999999999818e+02
-4.071000000000000227e+02
-1.617899999999999920e+02
-2.230500000000000114e+02
-2.478100000000000023e+02
-4.604300000000000068e+02
