-4.994800000000000182e+02
-4.966899999999999977e+02
-5.000000000000000000e+02
-4.754399999999999977e+02
-4.985600000000000023e+02
-4.984800000000000182e+02
-4.538600000000000136e+02
-4.450199999999999818e+02
-3.641800000000000068e+02
-4.559599999999999795e+02
-3.321600000000000250e+02
-4.765099999999999909e+02
-4.691299999999999955e+02
-3.978999999999999773e+02
-4.986100000000000136e+02
-1.802299999999999898e+02
-4.917699999999999818e+02
-2.449000000000000057e+02
-5.000000000000000000e+02
-3.043000000000000114e+02
