-5.000000000000000000e+02
-5.000000000000000000e+02
-4.998600000000000136e+02
-5.000000000000000000e+02
-5.000000000000000000e+02
-4.973500000000000227e+02
-4.783299999999999841e+02
-4.865699999999999932e+02
-4.962300000000000182e+02
-5.000000000000000000e+02
-4.986899999999999977e+02
-4.383199999999999932e+02
-4.586600000000000250e+02
-5.000000000000000000e+02
-4.057200000000000273e+02
-2.384699999999999989e+02
-5.000000000000000000e+02
-4.705400000000000205e+02
-4.958000000000000114e+02
-3.226200000000000045e+02
