-5.000000000000000000e+02
-5.000000000000000000e+02
-4.886999999999999886e+02
-5.000000000000000000e+02
-5.000000000000000000e+02
-5.000000000000000000e+02
-5.000000000000000000e+02
-5.000000000000000000e+02
-5.000000000000000000e+02
-1.360000000000000000e+02
-5.000000000000000000e+02
-2.063600000000000136e+02
-5.000000000000000000e+02
-5.000000000000000000e+02
-4.741000000000000227e+02
-5.000000000000000000e+02
-5.000000000000000000e+02
-4.590099999999999909e+02
-5.000000000000000000e+02
-3.922400000000000091e+02
