-4.991499999999999773e+02
-5.000000000000000000e+02
-4.998799999999999955e+02
-5.000000000000000000e+02
-4.918399999999999750e+02
-4.987500000000000000e+02
-5.000000000000000000e+02
-4.990500000000000114e+02
-5.000000000000000000e+02
-4.183299999999999841e+02
-3.935699999999999932e+02
-4.970600000000000023e+02
-4.960099999999999909e+02
-4.922099999999999795e+02
-3.482599999999999909e+02
-4.615799999999999841e+02
-2.711299999999999955e+02
-2.860799999999999841e+02
-4.267699999999999818e+02
-3.994200000000000159e+02
