-5.000000000000000000e+02
-4.999599999999999795e+02
-4.895699999999999932e+02
-4.918999999999999773e+02
-4.992400000000000091e+02
-4.963399999999999750e+02
-4.961800000000000068e+02
-4.957799999999999727e+02
-5.000000000000000000e+02
-5.000000000000000000e+02
-2.795500000000000114e+02
-4.912300000000000182e+02
-4.991499999999999773e+02
-2.660899999999999750e+02
-2.548300000000000125e+02
-2.658199999999999932e+02
-2.214000000000000057e+02
-1.648100000000000023e+02
-2.830000000000000000e+02
-2.270900000000000034e+02
