-4.961600000000000250e+02
-4.864200000000000159e+02
-4.997099999999999795e+02
-4.990899999999999750e+02
-4.746800000000000068e+02
-4.985899999999999750e+02
-5.000000000000000000e+02
-5.000000000000000000e+02
-4.964700000000000273e+02
-4.955400000000000205e+02
-5.000000000000000000e+02
-3.456200000000000045e+02
-2.670299999999999727e+02
-5.000000000000000000e+02
-4.613199999999999932e+02
-4.289700000000000273e+02
-4.644599999999999795e+02
-2.626399999999999864e+02
-3.969900000000000091e+02
-2.183400000000000034e+02
