-5.000000000000000000e+02
-4.857900000000000205e+02
-5.000000000000000000e+02
-4.923000000000000114e+02
-5.000000000000000000e+02
-4.980500000000000114e+02
-5.000000000000000000e+02
-4.946600000000000250e+02
-4.690199999999999818e+02
-4.750000000000000000e+02
-3.333600000000000136e+02
-4.419100000000000250e+02
-4.795199999999999818e+02
-2.649800000000000182e+02
-2.458100000000000023e+02
-3.384900000000000091e+02
-4.690500000000000114e+02
-2.404900000000000091e+02
-3.764399999999999977e+02
-4.782799999999999727e+02
