-4.831899999999999977e+02
-4.998799999999999955e+02
-5.000000000000000000e+02
-5.000000000000000000e+02
-4.948500000000000227e+02
-5.000000000000000000e+02
-4.861399999999999864e+02
-5.000000000000000000e+02
-5.000000000000000000e+02
-5.000000000000000000e+02
-4.953299999999999841e+02
-5.000000000000000000e+02
-4.720500000000000114e+02
-3.954100000000000250e+02
-1.068100000000000023e+02
-4.661200000000000045e+02
-4.560299999999999727e+02
-2.290399999999999920e+02
-1.826299999999999955e+02
-1.734199999999999875e+02
