-5.000000000000000000e+02
-4.986600000000000250e+02
-4.978899999999999864e+02
-4.966200000000000045e+02
-4.993199999999999932e+02
-4.991100000000000136e+02
-4.918399999999999750e+02
-4.565400000000000205e+02
-4.971100000000000136e+02
-3.190899999999999750e+02
-4.295099999999999909e+02
-4.925099999999999909e+02
-3.349599999999999795e+02
-2.966200000000000045e+02
-5.000000000000000000e+02
-1.681200000000000045e+02
-1.598899999999999864e+02
-1.428100000000000023e+02
-3.038100000000000023e+02
-1.432899999999999920e+02
