-4.945199999999999818e+02
-5.000000000000000000e+02
-4.978600000000000136e+02
-5.000000000000000000e+02
-4.969100000000000250e+02
-4.994599999999999795e+02
-5.000000000000000000e+02
-4.749200000000000159e+02
-4.824100000000000250e+02
-5.000000000000000000e+02
-3.901399999999999864e+02
-5.000000000000000000e+02
-3.600600000000000023e+02
-3.540600000000000023e+02
-4.186399999999999864e+02
-2.126500000000000057e+02
-5.000000000000000000e+02
-2.550200000000000102e+02
-5.000000000000000000e+02
-1.753000000000000114e+02
