-4.961600000000000250e+02
-4.542799999999999727e+02
-4.418100000000000023e+02
-2.762699999999999818e+02
-5.000000000000000000e+02
-5.000000000000000000e+02
-4.946299999999999955e+02
-3.260000000000000000e+02
-5.000000000000000000e+02
-4.587099999999999795e+02
-5.000000000000000000e+02
-3.272500000000000000e+02
-1.955399999999999920e+02
-1.352700000000000102e+02
-5.000000000000000000e+02
-5.000000000000000000e+02
-4.814599999999999795e+02
-5.000000000000000000e+02
-4.759800000000000182e+02
-5.000000000000000000e+02
