-4.945199999999999818e+02
-5.000000000000000000e+02
-5.000000000000000000e+02
-5.000000000000000000e+02
-5.000000000000000000e+02
-4.897099999999999795e+02
-5.000000000000000000e+02
-1.045100000000000051e+02
-5.000000000000000000e+02
-5.000000000000000000e+02
-4.778700000000000045e+02
-5.000000000000000000e+02
-1.698100000000000023e+02
-4.944900000000000091e+02
-2.065000000000000000e+02
-4.970099999999999909e+02
-2.168199999999999932e+02
-1.413600000000000136e+02
-4.355400000000000205e+02
-5.000000000000000000e+02
