-5.000000000000000000e+02
-5.000000000000000000e+02
-5.000000000000000000e+02
-4.980299999999999727e+02
-4.959599999999999795e+02
-4.925899999999999750e+02
-4.817500000000000000e+02
-4.946800000000000068e+02
-4.774300000000000068e+02
-4.365199999999999818e+02
-4.739200000000000159e+02
-4.872099999999999795e+02
-3.088600000000000136e+02
-2.752200000000000273e+02
-3.682500000000000000e+02
-2.200999999999999943e+02
-4.212099999999999795e+02
-4.418899999999999864e+02
-1.780000000000000000e+02
-2.753700000000000045e+02
