-4.876399999999999864e+02
-4.899599999999999795e+02
-5.000000000000000000e+02
-5.000000000000000000e+02
-5.000000000000000000e+02
-4.995600000000000023e+02
-4.769900000000000091e+02
-4.298799999999999955e+02
-4.633199999999999932e+02
-4.705899999999999750e+02
-3.194100000000000250e+02
-4.982400000000000091e+02
-5.000000000000000000e+02
-4.993399999999999750e+02
-4.770000000000000000e+02
-4.987200000000000273e+02
-2.360600000000000023e+02
-3.011499999999999773e+02
-2.707699999999999818e+02
-2.948000000000000114e+02
