-5.000000000000000000e+02
-5.000000000000000000e+02
-5.000000000000000000e+02
-5.000000000000000000e+02
-5.000000000000000000e+02
-5.000000000000000000e+02
-5.000000000000000000e+02
-5.000000000000000000e+02
-5.000000000000000000e+02
-4.910699999999999932e+02
-5.000000000000000000e+02
-5.000000000000000000e+02
-4.669399999999999977e+02
-5.000000000000000000e+02
-5.000000000000000000e+02
-4.690199999999999818e+02
-5.000000000000000000e+02
-5.000000000000000000e+02
-4.906100000000000136e+02
-5.000000000000000000e+02
