-5.000000000000000000e+02
-5.000000000000000000e+02
-5.000000000000000000e+02
-5.000000000000000000e+02
-2.419300000000000068e+02
-5.000000000000000000e+02
-5.000000000000000000e+02
-4.678899999999999864e+02
-5.000000000000000000e+02
-2.081100000000000136e+02
-3.249300000000000068e+02
-2.753600000000000136e+02
-5.000000000000000000e+02
-5.000000000000000000e+02
-5.000000000000000000e+02
-4.940199999999999818e+02
-5.000000000000000000e+02
-4.933700000000000045e+02
-5.000000000000000000e+02
-4.913600000000000136e+02
