-4.831899999999999977e+02
-4.994399999999999977e+02
-5.000000000000000000e+02
-5.000000000000000000e+02
-5.000000000000000000e+02
-5.000000000000000000e+02
-5.000000000000000000e+02
-4.980600000000000023e+02
-4.993100000000000023e+02
-4.372500000000000000e+02
-4.825400000000000205e+02
-3.987099999999999795e+02
-4.702099999999999795e+02
-4.943399999999999750e+02
-2.935199999999999818e+02
-4.340099999999999909e+02
-3.793700000000000045e+02
-3.559300000000000068e+02
-3.270600000000000023e+02
-3.662400000000000091e+02
