-5.000000000000000000e+02
-5.000000000000000000e+02
-5.000000000000000000e+02
-5.000000000000000000e+02
-5.000000000000000000e+02
-4.995699999999999932e+02
-4.988899999999999864e+02
-4.979900000000000091e+02
-4.934700000000000273e+02
-3.828700000000000045e+02
-4.842200000000000273e+02
-4.794399999999999977e+02
-2.117199999999999989e+02
-3.205400000000000205e+02
-3.430600000000000023e+02
-3.843299999999999841e+02
-3.469200000000000159e+02
-1.740099999999999909e+02
-3.123700000000000045e+02
-2.018400000000000034e+02
