-5.000000000000000000e+02
-5.000000000000000000e+02
-5.000000000000000000e+02
-5.000000000000000000e+02
-5.000000000000000000e+02
-5.000000000000000000e+02
-5.000000000000000000e+02
-4.992799999999999727e+02
-5.000000000000000000e+02
-5.000000000000000000e+02
-4.899900000000000091e+02
-4.941600000000000250e+02
-4.948799999999999955e+02
-3.260400000000000205e+02
-4.667300000000000182e+02
-4.766899999999999977e+02
-2.399300000000000068e+02
-4.802400000000000091e+02
-4.571600000000000250e+02
-3.515299999999999727e+02
