-4.945199999999999818e+02
-5.000000000000000000e+02
-4.983999999999999773e+02
-5.000000000000000000e+02
-5.000000000000000000e+02
-4.990600000000000023e+02
-4.862400000000000091e+02
-3.896499999999999773e+02
-4.813799999999999955e+02
-4.727200000000000273e+02
-4.898899999999999864e+02
-4.938600000000000136e+02
-4.380400000000000205e+02
-3.511200000000000045e+02
-2.903000000000000114e+02
-2.831000000000000227e+02
-2.381599999999999966e+02
-2.811000000000000227e+02
-3.433999999999999773e+02
-4.500299999999999727e+02
