-4.969700000000000273e+02
-4.993600000000000136e+02
-5.000000000000000000e+02
-5.000000000000000000e+02
-4.989100000000000250e+02
-4.949499999999999886e+02
-4.992400000000000091e+02
-4.889599999999999795e+02
-4.987599999999999909e+02
-4.918299999999999841e+02
-4.991800000000000068e+02
-5.000000000000000000e+02
-4.951299999999999955e+02
-4.889100000000000250e+02
-3.682400000000000091e+02
-4.370099999999999909e+02
-4.398399999999999750e+02
-3.275299999999999727e+02
-3.412699999999999818e+02
-3.200600000000000023e+02
