-4.945199999999999818e+02
-5.000000000000000000e+02
-5.000000000000000000e+02
-5.000000000000000000e+02
-4.882400000000000091e+02
-4.483799999999999955e+02
-5.000000000000000000e+02
-4.998199999999999932e+02
-3.522200000000000273e+02
-4.992400000000000091e+02
-5.000000000000000000e+02
-4.588399999999999750e+02
-3.773199999999999932e+02
-2.720699999999999932e+02
-3.437400000000000091e+02
-4.448199999999999932e+02
-4.837200000000000273e+02
-2.954100000000000250e+02
-2.633299999999999841e+02
-4.279399999999999977e+02
