-5.000000000000000000e+02
-4.994300000000000068e+02
-4.986600000000000250e+02
-4.910899999999999750e+02
-4.923899999999999864e+02
-4.973899999999999864e+02
-4.983700000000000045e+02
-4.578100000000000023e+02
-4.832500000000000000e+02
-4.565899999999999750e+02
-3.856600000000000250e+02
-3.743999999999999773e+02
-4.026899999999999977e+02
-4.200500000000000114e+02
-3.288299999999999841e+02
-3.153799999999999955e+02
-2.704200000000000159e+02
-2.134399999999999977e+02
-2.438300000000000125e+02
-2.453600000000000136e+02
