-5.000000000000000000e+02
-5.000000000000000000e+02
-5.000000000000000000e+02
-5.000000000000000000e+02
-4.937300000000000182e+02
-4.966899999999999977e+02
-5.000000000000000000e+02
-4.940500000000000114e+02
-4.883700000000000045e+02
-4.079499999999999886e+02
-5.000000000000000000e+02
-4.950400000000000205e+02
-4.897300000000000182e+02
-4.484399999999999977e+02
-3.060000000000000000e+02
-2.112899999999999920e+02
-3.924100000000000250e+02
-5.000000000000000000e+02
-2.180999999999999943e+02
-3.031200000000000045e+02
