-5.000000000000000000e+02
-5.000000000000000000e+02
-5.000000000000000000e+02
-4.996899999999999977e+02
-5.000000000000000000e+02
-5.000000000000000000e+02
-5.000000000000000000e+02
-4.907200000000000273e+02
-4.989200000000000159e+02
-4.931999999999999886e+02
-4.108399999999999750e+02
-2.677300000000000182e+02
-4.359100000000000250e+02
-2.358600000000000136e+02
-3.722900000000000205e+02
-4.809300000000000068e+02
-3.657599999999999909e+02
-2.583399999999999750e+02
-2.133799999999999955e+02
-2.449199999999999875e+02
