-5.000000000000000000e+02
-5.000000000000000000e+02
-5.000000000000000000e+02
-5.000000000000000000e+02
-4.987799999999999727e+02
-5.000000000000000000e+02
-4.932699999999999818e+02
-4.985799999999999841e+02
-4.947500000000000000e+02
-4.982599999999999909e+02
-4.392599999999999909e+02
-3.853500000000000227e+02
-4.897500000000000000e+02
-3.570099999999999909e+02
-2.859800000000000182e+02
-3.227400000000000091e+02
-4.063299999999999841e+02
-2.532899999999999920e+02
-2.829200000000000159e+02
-2.666700000000000159e+02
