-5.000000000000000000e+02
-5.000000000000000000e+02
-4.983899999999999864e+02
-4.726100000000000136e+02
-5.000000000000000000e+02
-5.000000000000000000e+02
-5.000000000000000000e+02
-5.000000000000000000e+02
-5.000000000000000000e+02
-4.895899999999999750e+02
-5.000000000000000000e+02
-4.154399999999999977e+02
-1.446100000000000136e+02
-3.385600000000000023e+02
-3.741600000000000250e+02
-3.872799999999999727e+02
-4.598999999999999773e+02
-5.000000000000000000e+02
-5.000000000000000000e+02
-5.000000000000000000e+02
