-4.964800000000000182e+02
-5.000000000000000000e+02
-5.000000000000000000e+02
-5.000000000000000000e+02
-5.000000000000000000e+02
-5.000000000000000000e+02
-5.000000000000000000e+02
-5.000000000000000000e+02
-4.742300000000000182e+02
-4.972599999999999909e+02
-4.888899999999999864e+02
-4.950799999999999841e+02
-4.267799999999999727e+02
-5.000000000000000000e+02
-3.776899999999999977e+02
-3.057500000000000000e+02
-5.000000000000000000e+02
-2.323300000000000125e+02
-4.988700000000000045e+02
-3.639300000000000068e+02
