-5.000000000000000000e+02
-5.000000000000000000e+02
-5.000000000000000000e+02
-5.000000000000000000e+02
-4.996999999999999886e+02
-4.848999999999999773e+02
-4.854100000000000250e+02
-3.944200000000000159e+02
-4.994300000000000068e+02
-5.000000000000000000e+02
-3.461700000000000159e+02
-4.965899999999999750e+02
-5.000000000000000000e+02
-3.680899999999999750e+02
-4.913299999999999841e+02
-3.769200000000000159e+02
-5.000000000000000000e+02
-3.621200000000000045e+02
-4.562099999999999795e+02
-2.456800000000000068e+02
