-5.000000000000000000e+02
-5.000000000000000000e+02
-5.000000000000000000e+02
-4.861399999999999864e+02
-4.918899999999999864e+02
-4.997300000000000182e+02
-4.811499999999999773e+02
-4.853299999999999841e+02
-4.721800000000000068e+02
-4.990199999999999818e+02
-3.630199999999999818e+02
-4.051999999999999886e+02
-3.551299999999999955e+02
-2.736100000000000136e+02
-2.584300000000000068e+02
-4.955699999999999932e+02
-2.477899999999999920e+02
-2.408799999999999955e+02
-1.764900000000000091e+02
-2.569200000000000159e+02
