-5.000000000000000000e+02
-5.000000000000000000e+02
-5.000000000000000000e+02
-4.993500000000000227e+02
-5.000000000000000000e+02
-5.000000000000000000e+02
-5.000000000000000000e+02
-4.993799999999999955e+02
-2.580299999999999727e+02
-4.015600000000000023e+02
-3.450099999999999909e+02
-4.553700000000000045e+02
-4.706499999999999773e+02
-3.969399999999999977e+02
-4.687599999999999909e+02
-4.851700000000000159e+02
-5.000000000000000000e+02
-4.975699999999999932e+02
-2.212100000000000080e+02
-3.815000000000000000e+02
