-5.000000000000000000e+02
-5.000000000000000000e+02
-5.000000000000000000e+02
-5.000000000000000000e+02
-5.000000000000000000e+02
-5.000000000000000000e+02
-4.950699999999999932e+02
-4.520000000000000000e+02
-5.000000000000000000e+02
-3.153000000000000114e+02
-3.572900000000000205e+02
-4.734499999999999886e+02
-1.830600000000000023e+02
-4.530299999999999727e+02
-4.997200000000000273e+02
-1.563199999999999932e+02
-3.020199999999999818e+02
-2.486599999999999966e+02
-2.124900000000000091e+02
-4.999300000000000068e+02
