-5.000000000000000000e+02
-5.000000000000000000e+02
-5.000000000000000000e+02
-5.000000000000000000e+02
-5.000000000000000000e+02
-4.638700000000000045e+02
-4.073199999999999932e+02
-3.424399999999999977e+02
-4.676200000000000045e+02
-2.751000000000000227e+02
-4.983299999999999841e+02
-5.000000000000000000e+02
-2.941100000000000136e+02
-4.396299999999999955e+02
-5.000000000000000000e+02
-4.699700000000000273e+02
-1.902299999999999898e+02
-2.851399999999999864e+02
-4.554200000000000159e+02
-4.020500000000000114e+02
