-5.000000000000000000e+02
-4.994599999999999795e+02
-5.000000000000000000e+02
-4.992699999999999818e+02
-4.955699999999999932e+02
-4.819399999999999977e+02
-5.000000000000000000e+02
-4.818999999999999773e+02
-4.963700000000000045e+02
-5.000000000000000000e+02
-3.959300000000000068e+02
-4.502900000000000205e+02
-3.663500000000000227e+02
-4.458899999999999864e+02
-4.080199999999999818e+02
-5.000000000000000000e+02
-3.521800000000000068e+02
-4.214800000000000182e+02
-3.168899999999999864e+02
-3.086100000000000136e+02
