-4.991499999999999773e+02
-5.000000000000000000e+02
-5.000000000000000000e+02
-4.940299999999999727e+02
-5.000000000000000000e+02
-4.833700000000000045e+02
-2.842799999999999727e+02
-5.000000000000000000e+02
-3.992300000000000182e+02
-3.397799999999999727e+02
-2.680000000000000000e+02
-4.512900000000000205e+02
-3.041899999999999977e+02
-3.148899999999999864e+02
-2.018600000000000136e+02
-4.321399999999999864e+02
-2.968399999999999750e+02
-3.110199999999999818e+02
-3.613600000000000136e+02
-2.175500000000000114e+02
