-5.000000000000000000e+02
-4.997699999999999818e+02
-5.000000000000000000e+02
-5.000000000000000000e+02
-5.000000000000000000e+02
-5.000000000000000000e+02
-5.000000000000000000e+02
-5.000000000000000000e+02
-4.988600000000000136e+02
-4.581299999999999955e+02
-4.895099999999999909e+02
-4.551800000000000068e+02
-4.378600000000000136e+02
-4.505199999999999818e+02
-4.540799999999999841e+02
-4.616600000000000250e+02
-2.786399999999999864e+02
-2.725600000000000023e+02
-2.341500000000000057e+02
-4.185199999999999818e+02
