-4.961600000000000250e+02
-5.000000000000000000e+02
-5.000000000000000000e+02
-4.989800000000000182e+02
-4.990299999999999727e+02
-4.855699999999999932e+02
-4.996100000000000136e+02
-4.794800000000000182e+02
-4.399900000000000091e+02
-4.475299999999999727e+02
-2.888700000000000045e+02
-4.838799999999999955e+02
-2.101800000000000068e+02
-4.604800000000000182e+02
-4.250000000000000000e+02
-1.624099999999999966e+02
-4.833799999999999955e+02
-4.686800000000000068e+02
-4.965500000000000114e+02
-1.233400000000000034e+02
