-5.000000000000000000e+02
-5.000000000000000000e+02
-4.995299999999999727e+02
-5.000000000000000000e+02
-5.000000000000000000e+02
-5.000000000000000000e+02
-4.920400000000000205e+02
-4.998600000000000136e+02
-4.764300000000000068e+02
-4.916800000000000068e+02
-4.167900000000000205e+02
-2.608199999999999932e+02
-4.819300000000000068e+02
-2.234499999999999886e+02
-5.000000000000000000e+02
-4.187400000000000091e+02
-2.551500000000000057e+02
-3.530400000000000205e+02
-3.273399999999999750e+02
-4.859599999999999795e+02
