-5.000000000000000000e+02
-5.000000000000000000e+02
-4.786999999999999886e+02
-4.997799999999999727e+02
-5.000000000000000000e+02
-4.821600000000000250e+02
-4.805099999999999909e+02
-5.000000000000000000e+02
-5.000000000000000000e+02
-5.000000000000000000e+02
-4.913399999999999750e+02
-5.000000000000000000e+02
-2.975500000000000114e+02
-4.589800000000000182e+02
-4.241499999999999773e+02
-5.000000000000000000e+02
-2.946100000000000136e+02
-2.856899999999999977e+02
-2.729399999999999977e+02
-4.966700000000000159e+02
