-4.994800000000000182e+02
-5.000000000000000000e+02
-5.000000000000000000e+02
-4.909399999999999977e+02
-4.688600000000000136e+02
-4.971000000000000227e+02
-4.774900000000000091e+02
-4.499599999999999795e+02
-4.487900000000000205e+02
-4.542300000000000182e+02
-3.699399999999999977e+02
-4.467099999999999795e+02
-3.454399999999999977e+02
-5.000000000000000000e+02
-3.421299999999999955e+02
-4.631700000000000159e+02
-5.000000000000000000e+02
-1.893899999999999864e+02
-2.277400000000000091e+02
-2.170500000000000114e+02
