-5.000000000000000000e+02
-4.801999999999999886e+02
-4.934599999999999795e+02
-5.000000000000000000e+02
-4.443299999999999841e+02
-4.845400000000000205e+02
-4.441499999999999773e+02
-2.960000000000000000e+02
-4.925299999999999727e+02
-5.000000000000000000e+02
-4.887599999999999909e+02
-4.772900000000000205e+02
-4.240000000000000000e+02
-1.921500000000000057e+02
-4.342500000000000000e+02
-2.168100000000000023e+02
-2.972099999999999795e+02
-4.408399999999999750e+02
-2.651600000000000250e+02
-5.000000000000000000e+02
