-5.000000000000000000e+02
-5.000000000000000000e+02
-5.000000000000000000e+02
-4.987799999999999727e+02
-4.988899999999999864e+02
-3.850799999999999841e+02
-2.600799999999999841e+02
-2.881399999999999864e+02
-3.747200000000000273e+02
-4.430099999999999909e+02
-4.217500000000000000e+02
-3.076200000000000045e+02
-3.290299999999999727e+02
-2.099799999999999898e+02
-1.668300000000000125e+02
-1.901999999999999886e+02
-4.756600000000000250e+02
-2.386699999999999875e+02
-2.409199999999999875e+02
-1.086800000000000068e+02
