-5.000000000000000000e+02
-5.000000000000000000e+02
-5.000000000000000000e+02
-4.903199999999999932e+02
-5.000000000000000000e+02
-5.000000000000000000e+02
-5.000000000000000000e+02
-5.000000000000000000e+02
-4.991299999999999955e+02
-4.968700000000000045e+02
-5.000000000000000000e+02
-3.151000000000000227e+02
-4.232400000000000091e+02
-2.117500000000000000e+02
-1.998600000000000136e+02
-2.195999999999999943e+02
-2.539600000000000080e+02
-4.826200000000000045e+02
-4.389499999999999886e+02
-4.160299999999999727e+02
