-5.000000000000000000e+02
-5.000000000000000000e+02
-5.000000000000000000e+02
-5.000000000000000000e+02
-4.998600000000000136e+02
-5.000000000000000000e+02
-4.828399999999999750e+02
-4.864100000000000250e+02
-4.061600000000000250e+02
-4.372099999999999795e+02
-3.067699999999999818e+02
-4.589700000000000273e+02
-4.214700000000000273e+02
-4.979399999999999977e+02
-3.890099999999999909e+02
-2.392800000000000011e+02
-4.363199999999999932e+02
-1.345600000000000023e+02
-4.906499999999999773e+02
-4.311999999999999886e+02
