-5.000000000000000000e+02
-5.000000000000000000e+02
-5.000000000000000000e+02
-5.000000000000000000e+02
-4.923700000000000045e+02
-4.744499999999999886e+02
-4.789399999999999977e+02
-4.775799999999999841e+02
-4.973799999999999955e+02
-4.623399999999999750e+02
-4.615600000000000023e+02
-2.824800000000000182e+02
-2.575400000000000205e+02
-2.390999999999999943e+02
-1.782899999999999920e+02
-3.047400000000000091e+02
-4.703799999999999955e+02
-4.698399999999999750e+02
-3.143399999999999750e+02
-1.780999999999999943e+02
