-4.876399999999999864e+02
-4.952599999999999909e+02
-5.000000000000000000e+02
-5.000000000000000000e+02
-5.000000000000000000e+02
-4.958999999999999773e+02
-5.000000000000000000e+02
-5.000000000000000000e+02
-5.000000000000000000e+02
-4.978199999999999932e+02
-5.000000000000000000e+02
-4.741999999999999886e+02
-4.380299999999999727e+02
-4.762599999999999909e+02
-3.884300000000000068e+02
-2.661800000000000068e+02
-4.827799999999999727e+02
-3.284399999999999977e+02
-3.020699999999999932e+02
-4.709300000000000068e+02
