-5.000000000000000000e+02
-5.000000000000000000e+02
-5.000000000000000000e+02
-5.000000000000000000e+02
-4.343700000000000045e+02
-5.000000000000000000e+02
-4.907599999999999909e+02
-4.416499999999999773e+02
-4.946899999999999977e+02
-3.390600000000000023e+02
-4.903700000000000045e+02
-2.730099999999999909e+02
-4.713399999999999750e+02
-3.035699999999999932e+02
-4.696100000000000136e+02
-4.012799999999999727e+02
-3.608600000000000136e+02
-2.560500000000000114e+02
-4.983500000000000227e+02
-2.251100000000000136e+02
