-5.000000000000000000e+02
-5.000000000000000000e+02
-5.000000000000000000e+02
-4.892900000000000205e+02
-5.000000000000000000e+02
-5.000000000000000000e+02
-4.800099999999999909e+02
-4.987699999999999818e+02
-4.987400000000000091e+02
-4.981700000000000159e+02
-4.928000000000000114e+02
-4.621299999999999955e+02
-4.926100000000000136e+02
-3.097599999999999909e+02
-4.985799999999999841e+02
-4.011600000000000250e+02
-2.397400000000000091e+02
-2.051399999999999864e+02
-2.215800000000000125e+02
-4.909499999999999886e+02
