-5.000000000000000000e+02
-4.988899999999999864e+02
-4.929399999999999977e+02
-5.000000000000000000e+02
-4.969200000000000159e+02
-4.887300000000000182e+02
-4.937400000000000091e+02
-4.260899999999999750e+02
-4.432699999999999818e+02
-3.736999999999999886e+02
-3.813500000000000227e+02
-3.962400000000000091e+02
-1.577199999999999989e+02
-2.708600000000000136e+02
-3.320199999999999818e+02
-2.673500000000000227e+02
-1.608700000000000045e+02
-4.097400000000000091e+02
-1.845200000000000102e+02
-3.893700000000000045e+02
