-5.000000000000000000e+02
-5.000000000000000000e+02
-4.630199999999999818e+02
-5.000000000000000000e+02
-5.000000000000000000e+02
-4.499300000000000068e+02
-4.994800000000000182e+02
-4.533399999999999750e+02
-4.287599999999999909e+02
-5.000000000000000000e+02
-2.374900000000000091e+02
-3.292200000000000273e+02
-3.083500000000000227e+02
-4.966800000000000068e+02
-2.664200000000000159e+02
-4.945299999999999727e+02
-5.000000000000000000e+02
-4.629599999999999795e+02
-4.525199999999999818e+02
-3.340299999999999727e+02
