-5.000000000000000000e+02
-5.000000000000000000e+02
-5.000000000000000000e+02
-5.000000000000000000e+02
-5.000000000000000000e+02
-5.000000000000000000e+02
-5.000000000000000000e+02
-5.000000000000000000e+02
-4.946999999999999886e+02
-4.946899999999999977e+02
-4.925600000000000023e+02
-4.873600000000000136e+02
-4.409100000000000250e+02
-2.910199999999999818e+02
-3.314399999999999977e+02
-2.755299999999999727e+02
-3.490199999999999818e+02
-3.220600000000000023e+02
-2.217199999999999989e+02
-2.947799999999999727e+02
