-5.000000000000000000e+02
-4.994800000000000182e+02
-5.000000000000000000e+02
-4.394100000000000250e+02
-5.000000000000000000e+02
-5.000000000000000000e+02
-5.000000000000000000e+02
-4.888700000000000045e+02
-5.000000000000000000e+02
-5.000000000000000000e+02
-5.000000000000000000e+02
-4.911600000000000250e+02
-5.000000000000000000e+02
-4.728299999999999841e+02
-2.911700000000000159e+02
-1.307400000000000091e+02
-1.376999999999999886e+02
-2.322599999999999909e+02
-4.046700000000000159e+02
-1.869499999999999886e+02
