-4.871600000000000250e+02
-5.000000000000000000e+02
-5.000000000000000000e+02
-5.000000000000000000e+02
-5.000000000000000000e+02
-5.000000000000000000e+02
-5.000000000000000000e+02
-5.000000000000000000e+02
-5.000000000000000000e+02
-4.710600000000000023e+02
-3.775799999999999841e+02
-4.355000000000000000e+02
-3.370299999999999727e+02
-2.324699999999999989e+02
-2.711000000000000227e+02
-4.556899999999999977e+02
-2.791499999999999773e+02
-3.617599999999999909e+02
-2.813600000000000136e+02
-5.000000000000000000e+02
