-5.000000000000000000e+02
-5.000000000000000000e+02
-5.000000000000000000e+02
-5.000000000000000000e+02
-4.995600000000000023e+02
-5.000000000000000000e+02
-4.892200000000000273e+02
-4.927300000000000182e+02
-4.915899999999999750e+02
-4.929200000000000159e+02
-3.909200000000000159e+02
-4.000600000000000023e+02
-3.751700000000000159e+02
-3.089499999999999886e+02
-4.595899999999999750e+02
-4.461399999999999864e+02
-1.925999999999999943e+02
-3.215400000000000205e+02
-1.875500000000000114e+02
-2.421100000000000136e+02
