-5.000000000000000000e+02
-5.000000000000000000e+02
-2.799399999999999977e+02
-4.542500000000000000e+02
-5.000000000000000000e+02
-9.631999999999999318e+01
-3.065799999999999841e+02
-2.504300000000000068e+02
-2.504399999999999977e+02
-2.706499999999999773e+02
-3.189599999999999795e+02
-3.698700000000000045e+02
-3.719599999999999795e+02
-1.705500000000000114e+02
-5.000000000000000000e+02
-2.096899999999999977e+02
-5.000000000000000000e+02
-5.000000000000000000e+02
-5.000000000000000000e+02
-4.906700000000000159e+02
