-5.000000000000000000e+02
-5.000000000000000000e+02
-4.974399999999999977e+02
-5.000000000000000000e+02
-4.008199999999999932e+02
-5.000000000000000000e+02
-4.880099999999999909e+02
-4.430500000000000114e+02
-4.942099999999999795e+02
-4.826200000000000045e+02
-2.122500000000000000e+02
-5.000000000000000000e+02
-2.492899999999999920e+02
-5.000000000000000000e+02
-3.440000000000000000e+02
-5.000000000000000000e+02
-4.955299999999999727e+02
-4.569700000000000273e+02
-4.599599999999999795e+02
-3.799100000000000250e+02
