-4.987500000000000000e+02
-5.000000000000000000e+02
-4.995299999999999727e+02
-4.113600000000000136e+02
-4.432300000000000182e+02
-4.845000000000000000e+02
-4.838299999999999841e+02
-4.660600000000000023e+02
-3.525099999999999909e+02
-5.000000000000000000e+02
-4.741200000000000045e+02
-3.781100000000000136e+02
-4.978000000000000114e+02
-4.814200000000000159e+02
-3.054700000000000273e+02
-4.174900000000000091e+02
-4.971800000000000068e+02
-4.718000000000000114e+02
-2.800699999999999932e+02
-4.275600000000000023e+02
