-4.980199999999999818e+02
-5.000000000000000000e+02
-5.000000000000000000e+02
-4.989300000000000068e+02
-4.927200000000000273e+02
-4.545899999999999750e+02
-4.770600000000000023e+02
-4.704900000000000091e+02
-4.873999999999999773e+02
-4.863700000000000045e+02
-4.898799999999999955e+02
-4.833399999999999750e+02
-4.859599999999999795e+02
-5.000000000000000000e+02
-4.096299999999999955e+02
-3.866600000000000250e+02
-2.988600000000000136e+02
-2.703899999999999864e+02
-2.156200000000000045e+02
-2.273799999999999955e+02
