-4.980199999999999818e+02
-5.000000000000000000e+02
-4.992099999999999795e+02
-5.000000000000000000e+02
-5.000000000000000000e+02
-4.647699999999999818e+02
-5.000000000000000000e+02
-2.594399999999999977e+02
-1.484499999999999886e+02
-2.871200000000000045e+02
-4.846200000000000045e+02
-4.912500000000000000e+02
-1.175900000000000034e+02
-2.801899999999999977e+02
-2.271100000000000136e+02
-4.251299999999999955e+02
-4.084499999999999886e+02
-2.426299999999999955e+02
-2.809800000000000182e+02
-2.706000000000000227e+02
