-5.000000000000000000e+02
-5.000000000000000000e+02
-5.000000000000000000e+02
-4.983100000000000023e+02
-5.000000000000000000e+02
-4.985500000000000114e+02
-4.996200000000000045e+02
-4.882099999999999795e+02
-4.789399999999999977e+02
-4.625699999999999932e+02
-3.231499999999999773e+02
-5.000000000000000000e+02
-4.644200000000000159e+02
-3.218299999999999841e+02
-4.059900000000000091e+02
-4.922500000000000000e+02
-2.235999999999999943e+02
-4.943600000000000136e+02
-3.338899999999999864e+02
-3.971700000000000159e+02
