-4.981299999999999955e+02
-4.983500000000000227e+02
-5.000000000000000000e+02
-5.000000000000000000e+02
-5.000000000000000000e+02
-5.000000000000000000e+02
-4.978100000000000023e+02
-4.749300000000000068e+02
-3.037599999999999909e+02
-4.378799999999999955e+02
-4.956000000000000227e+02
-4.991000000000000227e+02
-2.166899999999999977e+02
-4.241399999999999864e+02
-2.464300000000000068e+02
-4.140899999999999750e+02
-2.777300000000000182e+02
-4.842900000000000205e+02
-1.799399999999999977e+02
-4.868199999999999932e+02
