-5.000000000000000000e+02
-5.000000000000000000e+02
-5.000000000000000000e+02
-5.000000000000000000e+02
-5.000000000000000000e+02
-4.920000000000000000e+02
-5.000000000000000000e+02
-4.972300000000000182e+02
-5.000000000000000000e+02
-4.895400000000000205e+02
-4.548399999999999750e+02
-5.000000000000000000e+02
-4.111700000000000159e+02
-4.293199999999999932e+02
-5.000000000000000000e+02
-4.852200000000000273e+02
-3.766299999999999955e+02
-5.000000000000000000e+02
-5.000000000000000000e+02
-3.660199999999999818e+02
