-5.000000000000000000e+02
-5.000000000000000000e+02
-4.916200000000000045e+02
-4.979900000000000091e+02
-4.960199999999999818e+02
-4.942200000000000273e+02
-4.951600000000000250e+02
-4.906899999999999977e+02
-5.000000000000000000e+02
-5.000000000000000000e+02
-4.982699999999999818e+02
-4.858299999999999841e+02
-4.823799999999999955e+02
-4.753799999999999955e+02
-4.303199999999999932e+02
-3.391200000000000045e+02
-3.481999999999999886e+02
-4.279700000000000273e+02
-4.411299999999999955e+02
-4.383999999999999773e+02
