-5.000000000000000000e+02
-4.809300000000000068e+02
-4.803799999999999955e+02
-4.957699999999999818e+02
-5.000000000000000000e+02
-4.892300000000000182e+02
-5.000000000000000000e+02
-4.970099999999999909e+02
-4.607300000000000182e+02
-3.850899999999999750e+02
-5.000000000000000000e+02
-3.489399999999999977e+02
-3.372099999999999795e+02
-1.903899999999999864e+02
-1.660800000000000125e+02
-1.834699999999999989e+02
-2.122299999999999898e+02
-1.644799999999999898e+02
-2.037800000000000011e+02
-1.587299999999999898e+02
