-5.000000000000000000e+02
-4.945199999999999818e+02
-4.995699999999999932e+02
-5.000000000000000000e+02
-4.987200000000000273e+02
-4.939900000000000091e+02
-4.828999999999999773e+02
-5.000000000000000000e+02
-4.642699999999999818e+02
-2.942400000000000091e+02
-4.780699999999999932e+02
-3.671299999999999955e+02
-4.772400000000000091e+02
-4.249800000000000182e+02
-3.321299999999999955e+02
-2.548000000000000114e+02
-3.874900000000000091e+02
-3.135199999999999818e+02
-3.622799999999999727e+02
-3.749599999999999795e+02
