-5.000000000000000000e+02
-5.000000000000000000e+02
-5.000000000000000000e+02
-5.000000000000000000e+02
-5.000000000000000000e+02
-4.678799999999999955e+02
-4.732500000000000000e+02
-4.480400000000000205e+02
-4.755199999999999818e+02
-5.000000000000000000e+02
-4.621200000000000045e+02
-4.422300000000000182e+02
-4.328999999999999773e+02
-3.335099999999999909e+02
-3.219599999999999795e+02
-3.228000000000000114e+02
-2.280000000000000000e+02
-2.688999999999999773e+02
-2.172700000000000102e+02
-1.798499999999999943e+02
