-5.000000000000000000e+02
-5.000000000000000000e+02
-5.000000000000000000e+02
-5.000000000000000000e+02
-4.929499999999999886e+02
-4.950400000000000205e+02
-5.000000000000000000e+02
-5.000000000000000000e+02
-5.000000000000000000e+02
-4.558100000000000023e+02
-4.574399999999999977e+02
-4.838100000000000023e+02
-4.934700000000000273e+02
-4.036899999999999977e+02
-3.914700000000000273e+02
-4.555500000000000114e+02
-2.833700000000000045e+02
-4.996000000000000227e+02
-1.819699999999999989e+02
-4.262099999999999795e+02
