-4.969700000000000273e+02
-5.000000000000000000e+02
-4.963000000000000114e+02
-4.976000000000000227e+02
-5.000000000000000000e+02
-4.989900000000000091e+02
-5.000000000000000000e+02
-5.000000000000000000e+02
-4.623799999999999955e+02
-4.723100000000000023e+02
-4.898199999999999932e+02
-4.921399999999999864e+02
-5.000000000000000000e+02
-5.000000000000000000e+02
-4.923100000000000023e+02
-4.965799999999999841e+02
-3.044599999999999795e+02
-4.995000000000000000e+02
-2.493899999999999864e+02
-4.705899999999999750e+02
