-5.000000000000000000e+02
-5.000000000000000000e+02
-5.000000000000000000e+02
-5.000000000000000000e+02
-5.000000000000000000e+02
-5.000000000000000000e+02
-5.000000000000000000e+02
-4.998299999999999841e+02
-4.983600000000000136e+02
-4.733000000000000114e+02
-5.000000000000000000e+02
-3.808500000000000227e+02
-3.960000000000000000e+02
-3.388100000000000023e+02
-3.330799999999999841e+02
-3.733500000000000227e+02
-3.452300000000000182e+02
-2.551899999999999977e+02
-3.710000000000000000e+02
-4.082099999999999795e+02
