-4.961600000000000250e+02
-4.829300000000000068e+02
-4.965500000000000114e+02
-4.079900000000000091e+02
-4.936899999999999977e+02
-3.220099999999999909e+02
-4.107599999999999909e+02
-5.000000000000000000e+02
-4.979100000000000250e+02
-4.853199999999999932e+02
-5.000000000000000000e+02
-4.881200000000000045e+02
-4.544900000000000091e+02
-3.300600000000000023e+02
-4.949399999999999977e+02
-2.653500000000000227e+02
-2.593600000000000136e+02
-3.843399999999999750e+02
-4.513799999999999955e+02
-4.615799999999999841e+02
