-4.980199999999999818e+02
-5.000000000000000000e+02
-5.000000000000000000e+02
-5.000000000000000000e+02
-4.922900000000000205e+02
-4.990199999999999818e+02
-5.000000000000000000e+02
-5.000000000000000000e+02
-5.000000000000000000e+02
-5.000000000000000000e+02
-4.959399999999999977e+02
-4.243600000000000136e+02
-3.971100000000000136e+02
-3.802900000000000205e+02
-2.740799999999999841e+02
-4.380099999999999909e+02
-4.752500000000000000e+02
-4.961200000000000045e+02
-2.497199999999999989e+02
-3.575600000000000023e+02
