-5.000000000000000000e+02
-5.000000000000000000e+02
-4.971299999999999955e+02
-5.000000000000000000e+02
-4.999399999999999977e+02
-5.000000000000000000e+02
-4.223199999999999932e+02
-4.975099999999999909e+02
-4.278600000000000136e+02
-4.041899999999999977e+02
-4.132300000000000182e+02
-5.000000000000000000e+02
-5.000000000000000000e+02
-2.240099999999999909e+02
-4.107200000000000273e+02
-5.000000000000000000e+02
-4.573600000000000136e+02
-5.000000000000000000e+02
-2.234699999999999989e+02
-2.369300000000000068e+02
