-4.963999999999999773e+02
-5.000000000000000000e+02
-4.960299999999999727e+02
-4.973100000000000023e+02
-4.966899999999999977e+02
-4.977699999999999818e+02
-5.000000000000000000e+02
-5.000000000000000000e+02
-4.584900000000000091e+02
-4.834100000000000250e+02
-3.511200000000000045e+02
-3.983600000000000136e+02
-4.388100000000000023e+02
-5.000000000000000000e+02
-5.000000000000000000e+02
-4.441700000000000159e+02
-3.047699999999999818e+02
-2.559799999999999898e+02
-3.207099999999999795e+02
-2.146100000000000136e+02
