-5.000000000000000000e+02
-5.000000000000000000e+02
-5.000000000000000000e+02
-4.978700000000000045e+02
-5.000000000000000000e+02
-5.000000000000000000e+02
-5.000000000000000000e+02
-4.965899999999999750e+02
-4.941000000000000227e+02
-4.991299999999999955e+02
-3.314700000000000273e+02
-3.825699999999999932e+02
-4.543299999999999841e+02
-5.000000000000000000e+02
-4.994599999999999795e+02
-3.953899999999999864e+02
-4.577400000000000091e+02
-2.789599999999999795e+02
-3.365899999999999750e+02
-3.308199999999999932e+02
