-4.967699999999999818e+02
-5.000000000000000000e+02
-5.000000000000000000e+02
-4.808000000000000114e+02
-4.943999999999999773e+02
-4.961700000000000159e+02
-4.977300000000000182e+02
-4.967900000000000205e+02
-4.020799999999999841e+02
-3.236299999999999955e+02
-2.187100000000000080e+02
-2.895299999999999727e+02
-2.934800000000000182e+02
-3.162900000000000205e+02
-2.264399999999999977e+02
-2.514099999999999966e+02
-1.820099999999999909e+02
-3.141299999999999955e+02
-4.969300000000000068e+02
-2.649900000000000091e+02
