-4.945199999999999818e+02
-5.000000000000000000e+02
-5.000000000000000000e+02
-5.000000000000000000e+02
-5.000000000000000000e+02
-4.980400000000000205e+02
-4.960799999999999841e+02
-4.859599999999999795e+02
-4.374499999999999886e+02
-2.678000000000000114e+02
-4.970899999999999750e+02
-3.180400000000000205e+02
-4.645199999999999818e+02
-4.343899999999999864e+02
-4.986000000000000227e+02
-3.103399999999999750e+02
-4.142699999999999818e+02
-4.174300000000000068e+02
-4.249100000000000250e+02
-1.374199999999999875e+02
