-4.924499999999999886e+02
-5.000000000000000000e+02
-4.998999999999999773e+02
-4.986000000000000227e+02
-4.719900000000000091e+02
-5.000000000000000000e+02
-4.837300000000000182e+02
-2.674200000000000159e+02
-4.506600000000000250e+02
-3.223999999999999773e+02
-4.831299999999999955e+02
-4.287599999999999909e+02
-3.431800000000000068e+02
-2.873899999999999864e+02
-4.997400000000000091e+02
-4.826399999999999864e+02
-2.957699999999999818e+02
-3.420000000000000000e+02
-3.384900000000000091e+02
-4.385600000000000023e+02
