-5.000000000000000000e+02
-5.000000000000000000e+02
-5.000000000000000000e+02
-5.000000000000000000e+02
-4.986200000000000045e+02
-4.977099999999999795e+02
-4.921800000000000068e+02
-5.000000000000000000e+02
-4.917300000000000182e+02
-3.858999999999999773e+02
-3.703000000000000114e+02
-2.929900000000000091e+02
-3.516700000000000159e+02
-3.168600000000000136e+02
-4.265500000000000114e+02
-2.923100000000000023e+02
-1.742500000000000000e+02
-3.941700000000000159e+02
-4.198199999999999932e+02
-2.621200000000000045e+02
