-4.994800000000000182e+02
-5.000000000000000000e+02
-4.995099999999999909e+02
-5.000000000000000000e+02
-4.076499999999999773e+02
-5.000000000000000000e+02
-4.768899999999999864e+02
-4.684700000000000273e+02
-3.442599999999999909e+02
-4.970099999999999909e+02
-2.351399999999999864e+02
-3.855799999999999841e+02
-2.717699999999999818e+02
-1.741899999999999977e+02
-2.408899999999999864e+02
-5.000000000000000000e+02
-1.841500000000000057e+02
-3.988600000000000136e+02
-3.179399999999999977e+02
-4.789100000000000250e+02
