-5.000000000000000000e+02
-5.000000000000000000e+02
-3.670199999999999818e+02
-4.623000000000000114e+02
-3.852300000000000182e+02
-3.451399999999999864e+02
-4.427799999999999727e+02
-4.794300000000000068e+02
-4.185400000000000205e+02
-5.000000000000000000e+02
-4.925600000000000023e+02
-4.452500000000000000e+02
-1.632599999999999909e+02
-2.387400000000000091e+02
-1.923799999999999955e+02
-3.726999999999999886e+02
-3.386600000000000250e+02
-2.513300000000000125e+02
-3.911000000000000227e+02
-3.404200000000000159e+02
