-4.876399999999999864e+02
-3.873700000000000045e+02
-4.531499999999999773e+02
-5.000000000000000000e+02
-5.000000000000000000e+02
-4.813199999999999932e+02
-5.000000000000000000e+02
-4.754800000000000182e+02
-5.000000000000000000e+02
-5.000000000000000000e+02
-4.652500000000000000e+02
-5.000000000000000000e+02
-1.290800000000000125e+02
-5.000000000000000000e+02
-3.504800000000000182e+02
-4.983899999999999864e+02
-2.149900000000000091e+02
-2.861700000000000159e+02
-5.000000000000000000e+02
-1.051700000000000017e+02
