-4.963999999999999773e+02
-5.000000000000000000e+02
-4.973999999999999773e+02
-4.853500000000000227e+02
-4.874900000000000091e+02
-4.944300000000000068e+02
-3.823000000000000114e+02
-4.951499999999999773e+02
-4.999300000000000068e+02
-4.337099999999999795e+02
-4.960899999999999750e+02
-2.986000000000000227e+02
-4.724300000000000068e+02
-2.686000000000000227e+02
-4.933199999999999932e+02
-2.088300000000000125e+02
-2.884900000000000091e+02
-3.366700000000000159e+02
-3.615099999999999909e+02
-4.386000000000000227e+02
