-5.000000000000000000e+02
-5.000000000000000000e+02
-5.000000000000000000e+02
-4.662599999999999909e+02
-4.966600000000000250e+02
-3.060000000000000000e+02
-4.935000000000000000e+02
-5.000000000000000000e+02
-2.534600000000000080e+02
-5.000000000000000000e+02
-4.862799999999999727e+02
-5.000000000000000000e+02
-3.840600000000000023e+02
-1.211899999999999977e+02
-4.920000000000000000e+02
-1.295600000000000023e+02
-2.292400000000000091e+02
-2.620799999999999841e+02
-3.604599999999999795e+02
-4.743799999999999955e+02
