-5.000000000000000000e+02
-5.000000000000000000e+02
-4.284499999999999886e+02
-5.000000000000000000e+02
-2.277599999999999909e+02
-5.000000000000000000e+02
-4.191800000000000068e+02
-5.000000000000000000e+02
-2.981299999999999955e+02
-1.266599999999999966e+02
-2.070999999999999943e+02
-1.440900000000000034e+02
-1.523700000000000045e+02
-1.437800000000000011e+02
-4.976499999999999773e+02
-1.765600000000000023e+02
-1.614799999999999898e+02
-1.311399999999999864e+02
-2.413000000000000114e+02
-3.054599999999999795e+02
