-5.000000000000000000e+02
-4.934900000000000091e+02
-5.000000000000000000e+02
-5.000000000000000000e+02
-4.992200000000000273e+02
-5.000000000000000000e+02
-5.000000000000000000e+02
-4.398299999999999841e+02
-4.518100000000000023e+02
-3.907900000000000205e+02
-5.000000000000000000e+02
-4.943399999999999750e+02
-4.394900000000000091e+02
-3.652099999999999795e+02
-4.541600000000000250e+02
-3.668700000000000045e+02
-4.985899999999999750e+02
-4.920000000000000000e+02
-1.490399999999999920e+02
-5.000000000000000000e+02
