-5.000000000000000000e+02
-5.000000000000000000e+02
-4.942599999999999909e+02
-4.956100000000000136e+02
-4.963799999999999955e+02
-4.993600000000000136e+02
-4.910699999999999932e+02
-4.988999999999999773e+02
-4.717599999999999909e+02
-4.978399999999999750e+02
-3.270000000000000000e+02
-2.889599999999999795e+02
-3.747699999999999818e+02
-4.236899999999999977e+02
-3.371200000000000045e+02
-4.481100000000000136e+02
-3.296399999999999864e+02
-2.046899999999999977e+02
-2.457800000000000011e+02
-2.555200000000000102e+02
