-5.000000000000000000e+02
-5.000000000000000000e+02
-5.000000000000000000e+02
-5.000000000000000000e+02
-5.000000000000000000e+02
-5.000000000000000000e+02
-5.000000000000000000e+02
-5.000000000000000000e+02
-4.978299999999999841e+02
-4.939599999999999795e+02
-4.205400000000000205e+02
-4.726000000000000227e+02
-4.527200000000000273e+02
-4.552699999999999818e+02
-3.261200000000000045e+02
-4.999900000000000091e+02
-2.679100000000000250e+02
-3.219200000000000159e+02
-5.000000000000000000e+02
-2.566700000000000159e+02
