-4.980199999999999818e+02
-5.000000000000000000e+02
-5.000000000000000000e+02
-5.000000000000000000e+02
-5.000000000000000000e+02
-4.996100000000000136e+02
-5.000000000000000000e+02
-4.970000000000000000e+02
-4.993000000000000114e+02
-4.913600000000000136e+02
-5.000000000000000000e+02
-4.177200000000000273e+02
-4.868199999999999932e+02
-5.000000000000000000e+02
-4.852900000000000205e+02
-3.649700000000000273e+02
-5.000000000000000000e+02
-4.409200000000000159e+02
-2.851499999999999773e+02
-4.506200000000000045e+02
