-5.000000000000000000e+02
-5.000000000000000000e+02
-4.926800000000000068e+02
-5.000000000000000000e+02
-5.000000000000000000e+02
-5.000000000000000000e+02
-5.000000000000000000e+02
-5.000000000000000000e+02
-4.794399999999999977e+02
-5.000000000000000000e+02
-4.293299999999999841e+02
-4.999499999999999886e+02
-3.477599999999999909e+02
-3.033399999999999750e+02
-3.193999999999999773e+02
-4.808799999999999955e+02
-4.583500000000000227e+02
-3.870699999999999932e+02
-4.487799999999999727e+02
-2.239300000000000068e+02
