-5.000000000000000000e+02
-4.809200000000000159e+02
-4.976000000000000227e+02
-4.954599999999999795e+02
-4.829900000000000091e+02
-4.901499999999999773e+02
-3.820299999999999727e+02
-5.000000000000000000e+02
-4.522699999999999818e+02
-4.032300000000000182e+02
-5.000000000000000000e+02
-3.441899999999999977e+02
-2.957300000000000182e+02
-4.636700000000000159e+02
-2.855899999999999750e+02
-2.459099999999999966e+02
-4.777200000000000273e+02
-3.473600000000000136e+02
-2.269199999999999875e+02
-4.133600000000000136e+02
