-5.000000000000000000e+02
-4.004599999999999795e+02
-5.000000000000000000e+02
-2.139900000000000091e+02
-5.000000000000000000e+02
-4.580899999999999750e+02
-1.658899999999999864e+02
-1.350300000000000011e+02
-1.270900000000000034e+02
-3.903799999999999955e+02
-1.531100000000000136e+02
-2.817200000000000273e+02
-2.045000000000000000e+02
-2.497400000000000091e+02
-4.443100000000000023e+02
-4.652400000000000091e+02
-5.000000000000000000e+02
-4.078399999999999750e+02
-1.377599999999999909e+02
-1.973100000000000023e+02
