-5.000000000000000000e+02
-5.000000000000000000e+02
-4.949200000000000159e+02
-5.000000000000000000e+02
-4.953000000000000114e+02
-4.906999999999999886e+02
-5.000000000000000000e+02
-5.000000000000000000e+02
-4.488299999999999841e+02
-4.330799999999999841e+02
-3.720699999999999932e+02
-3.583100000000000023e+02
-3.398700000000000045e+02
-4.758100000000000023e+02
-2.039399999999999977e+02
-3.210299999999999727e+02
-3.312099999999999795e+02
-1.552599999999999909e+02
-1.495800000000000125e+02
-1.441599999999999966e+02
