-5.000000000000000000e+02
-5.000000000000000000e+02
-5.000000000000000000e+02
-5.000000000000000000e+02
-4.848399999999999750e+02
-5.000000000000000000e+02
-3.428399999999999750e+02
-4.416700000000000159e+02
-4.481800000000000068e+02
-3.136000000000000227e+02
-5.000000000000000000e+02
-2.413100000000000023e+02
-3.516299999999999955e+02
-4.398399999999999750e+02
-2.624200000000000159e+02
-2.943700000000000045e+02
-3.811299999999999955e+02
-5.000000000000000000e+02
-5.000000000000000000e+02
-1.510800000000000125e+02
