-5.000000000000000000e+02
-4.989499999999999886e+02
-4.939200000000000159e+02
-5.000000000000000000e+02
-4.993100000000000023e+02
-4.987699999999999818e+02
-4.693799999999999955e+02
-4.773600000000000136e+02
-4.248100000000000023e+02
-3.630799999999999841e+02
-4.415600000000000023e+02
-2.239099999999999966e+02
-4.704599999999999795e+02
-2.264099999999999966e+02
-3.431600000000000250e+02
-4.402400000000000091e+02
-2.973999999999999773e+02
-3.892699999999999818e+02
-3.301700000000000159e+02
-2.033600000000000136e+02
