-4.981299999999999955e+02
-5.000000000000000000e+02
-5.000000000000000000e+02
-5.000000000000000000e+02
-5.000000000000000000e+02
-5.000000000000000000e+02
-4.263100000000000023e+02
-5.000000000000000000e+02
-4.887200000000000273e+02
-4.892500000000000000e+02
-5.000000000000000000e+02
-4.933100000000000023e+02
-2.686899999999999977e+02
-3.808500000000000227e+02
-3.811100000000000136e+02
-4.879599999999999795e+02
-3.439700000000000273e+02
-4.627699999999999818e+02
-2.216299999999999955e+02
-4.663000000000000114e+02
