-5.000000000000000000e+02
-5.000000000000000000e+02
-5.000000000000000000e+02
-5.000000000000000000e+02
-4.989800000000000182e+02
-4.932900000000000205e+02
-4.944499999999999886e+02
-4.934100000000000250e+02
-4.213399999999999750e+02
-4.609599999999999795e+02
-4.817599999999999909e+02
-4.923100000000000023e+02
-5.000000000000000000e+02
-5.000000000000000000e+02
-4.510099999999999909e+02
-2.446599999999999966e+02
-3.174700000000000273e+02
-5.000000000000000000e+02
-2.363600000000000136e+02
-3.100400000000000205e+02
