-4.964800000000000182e+02
-5.000000000000000000e+02
-5.000000000000000000e+02
-4.996399999999999864e+02
-4.985400000000000205e+02
-4.988199999999999932e+02
-5.000000000000000000e+02
-4.310000000000000000e+02
-5.000000000000000000e+02
-4.968299999999999841e+02
-4.988399999999999750e+02
-4.763999999999999773e+02
-4.521000000000000227e+02
-4.796200000000000045e+02
-4.958600000000000136e+02
-1.792199999999999989e+02
-4.999499999999999886e+02
-3.628399999999999750e+02
-4.273999999999999773e+02
-4.084399999999999977e+02
