-5.000000000000000000e+02
-5.000000000000000000e+02
-5.000000000000000000e+02
-5.000000000000000000e+02
-5.000000000000000000e+02
-5.000000000000000000e+02
-5.000000000000000000e+02
-4.690699999999999932e+02
-4.555799999999999841e+02
-4.994200000000000159e+02
-3.997699999999999818e+02
-4.963799999999999955e+02
-4.977900000000000205e+02
-2.566600000000000250e+02
-3.156600000000000250e+02
-4.909100000000000250e+02
-5.000000000000000000e+02
-2.121599999999999966e+02
-4.285799999999999841e+02
-1.407700000000000102e+02
