-5.000000000000000000e+02
-4.766600000000000250e+02
-4.956000000000000227e+02
-4.983299999999999841e+02
-4.900299999999999727e+02
-4.640699999999999932e+02
-4.403199999999999932e+02
-4.655299999999999727e+02
-4.823399999999999750e+02
-4.460299999999999727e+02
-3.815400000000000205e+02
-4.388700000000000045e+02
-4.343500000000000227e+02
-4.809900000000000091e+02
-2.879900000000000091e+02
-1.733300000000000125e+02
-3.954200000000000159e+02
-2.230600000000000023e+02
-2.305999999999999943e+02
-1.303899999999999864e+02
