-4.964800000000000182e+02
-4.996000000000000227e+02
-5.000000000000000000e+02
-3.782300000000000182e+02
-4.998700000000000045e+02
-4.981100000000000136e+02
-3.425899999999999750e+02
-3.598299999999999841e+02
-2.370399999999999920e+02
-5.000000000000000000e+02
-5.000000000000000000e+02
-4.828299999999999841e+02
-5.000000000000000000e+02
-3.871800000000000068e+02
-5.000000000000000000e+02
-3.317200000000000273e+02
-4.447900000000000205e+02
-2.845199999999999818e+02
-3.624900000000000091e+02
-4.975000000000000000e+02
