-5.000000000000000000e+02
-5.000000000000000000e+02
-5.000000000000000000e+02
-4.905199999999999818e+02
-5.000000000000000000e+02
-4.983199999999999932e+02
-4.926100000000000136e+02
-3.386700000000000159e+02
-5.000000000000000000e+02
-5.000000000000000000e+02
-4.986200000000000045e+02
-5.000000000000000000e+02
-3.198999999999999773e+02
-3.911600000000000250e+02
-4.859499999999999886e+02
-5.000000000000000000e+02
-4.969399999999999977e+02
-4.636399999999999864e+02
-3.338799999999999955e+02
-4.196399999999999864e+02
