-5.000000000000000000e+02
-4.934800000000000182e+02
-4.611299999999999955e+02
-4.973100000000000023e+02
-5.000000000000000000e+02
-4.997699999999999818e+02
-5.000000000000000000e+02
-4.953500000000000227e+02
-4.382300000000000182e+02
-5.000000000000000000e+02
-4.740199999999999818e+02
-5.000000000000000000e+02
-4.883000000000000114e+02
-3.979300000000000068e+02
-5.000000000000000000e+02
-4.424599999999999795e+02
-4.526999999999999886e+02
-4.609399999999999977e+02
-4.921000000000000227e+02
-4.987300000000000182e+02
