-5.000000000000000000e+02
-5.000000000000000000e+02
-5.000000000000000000e+02
-5.000000000000000000e+02
-5.000000000000000000e+02
-4.993000000000000114e+02
-5.000000000000000000e+02
-4.974700000000000273e+02
-4.858600000000000136e+02
-4.965400000000000205e+02
-4.979800000000000182e+02
-5.000000000000000000e+02
-4.946000000000000227e+02
-4.718399999999999750e+02
-4.642799999999999727e+02
-2.684800000000000182e+02
-4.838199999999999932e+02
-3.558399999999999750e+02
-5.000000000000000000e+02
-1.828700000000000045e+02
