-5.000000000000000000e+02
-4.837799999999999727e+02
-4.990600000000000023e+02
-5.000000000000000000e+02
-4.925099999999999909e+02
-5.000000000000000000e+02
-4.963799999999999955e+02
-4.944700000000000273e+02
-3.554300000000000068e+02
-4.885500000000000114e+02
-3.982500000000000000e+02
-4.505899999999999750e+02
-3.600899999999999750e+02
-3.673500000000000227e+02
-2.665899999999999750e+02
-2.083199999999999932e+02
-3.347200000000000273e+02
-4.360299999999999727e+02
-1.832700000000000102e+02
-4.194700000000000273e+02
