-5.000000000000000000e+02
-4.995199999999999818e+02
-4.998199999999999932e+02
-4.853600000000000136e+02
-4.998600000000000136e+02
-4.969800000000000182e+02
-5.000000000000000000e+02
-4.747699999999999818e+02
-4.928399999999999750e+02
-3.652200000000000273e+02
-2.998899999999999864e+02
-3.775299999999999727e+02
-4.198600000000000136e+02
-3.780500000000000114e+02
-3.375099999999999909e+02
-2.929700000000000273e+02
-2.163199999999999932e+02
-1.597500000000000000e+02
-1.880999999999999943e+02
-3.098899999999999864e+02
