-5.000000000000000000e+02
-5.000000000000000000e+02
-5.000000000000000000e+02
-5.000000000000000000e+02
-4.989700000000000273e+02
-4.936700000000000159e+02
-5.000000000000000000e+02
-4.908100000000000023e+02
-5.000000000000000000e+02
-4.987400000000000091e+02
-4.637599999999999909e+02
-4.618899999999999864e+02
-4.061800000000000068e+02
-4.776200000000000045e+02
-2.926800000000000068e+02
-2.802900000000000205e+02
-2.906399999999999864e+02
-4.558399999999999750e+02
-4.922599999999999909e+02
-3.548999999999999773e+02
