-5.000000000000000000e+02
-4.920799999999999841e+02
-5.000000000000000000e+02
-4.999200000000000159e+02
-5.000000000000000000e+02
-5.000000000000000000e+02
-4.679900000000000091e+02
-4.666200000000000045e+02
-5.000000000000000000e+02
-5.000000000000000000e+02
-5.000000000000000000e+02
-4.740600000000000023e+02
-4.347200000000000273e+02
-3.859200000000000159e+02
-4.962900000000000205e+02
-4.791200000000000045e+02
-3.237400000000000091e+02
-3.444200000000000159e+02
-3.982699999999999818e+02
-2.121100000000000136e+02
