-5.000000000000000000e+02
-5.000000000000000000e+02
-4.964499999999999886e+02
-5.000000000000000000e+02
-5.000000000000000000e+02
-4.915299999999999727e+02
-4.968500000000000227e+02
-4.099399999999999977e+02
-4.652400000000000091e+02
-4.961800000000000068e+02
-1.781699999999999875e+02
-4.628600000000000136e+02
-4.886999999999999886e+02
-2.175099999999999909e+02
-2.924399999999999977e+02
-4.662200000000000273e+02
-4.441000000000000227e+02
-4.889200000000000159e+02
-2.775899999999999750e+02
-3.927900000000000205e+02
