-4.987500000000000000e+02
-5.000000000000000000e+02
-5.000000000000000000e+02
-4.995199999999999818e+02
-5.000000000000000000e+02
-4.776999999999999886e+02
-4.162900000000000205e+02
-4.242099999999999795e+02
-3.789200000000000159e+02
-3.916000000000000227e+02
-3.644100000000000250e+02
-3.381999999999999886e+02
-4.848399999999999750e+02
-2.557899999999999920e+02
-2.209099999999999966e+02
-2.444300000000000068e+02
-2.384699999999999989e+02
-2.733999999999999773e+02
-2.841200000000000045e+02
-2.940500000000000114e+02
