-4.991499999999999773e+02
-4.998899999999999864e+02
-4.979900000000000091e+02
-5.000000000000000000e+02
-4.999100000000000250e+02
-4.833000000000000114e+02
-4.918100000000000023e+02
-5.000000000000000000e+02
-4.890299999999999727e+02
-4.564599999999999795e+02
-4.872200000000000273e+02
-4.942300000000000182e+02
-4.686399999999999864e+02
-2.363700000000000045e+02
-2.021599999999999966e+02
-3.155099999999999909e+02
-4.968199999999999932e+02
-4.932099999999999795e+02
-4.655099999999999909e+02
-2.395999999999999943e+02
