-5.000000000000000000e+02
-5.000000000000000000e+02
-5.000000000000000000e+02
-4.994399999999999977e+02
-5.000000000000000000e+02
-4.989300000000000068e+02
-4.474399999999999977e+02
-4.444900000000000091e+02
-4.871100000000000136e+02
-5.000000000000000000e+02
-4.595600000000000023e+02
-4.913399999999999750e+02
-3.837200000000000273e+02
-4.750799999999999841e+02
-4.952799999999999727e+02
-3.001200000000000045e+02
-3.042099999999999795e+02
-3.064300000000000068e+02
-2.463499999999999943e+02
-4.869200000000000159e+02
