-5.000000000000000000e+02
-5.000000000000000000e+02
-5.000000000000000000e+02
-5.000000000000000000e+02
-5.000000000000000000e+02
-5.000000000000000000e+02
-4.977500000000000000e+02
-4.918299999999999841e+02
-5.000000000000000000e+02
-3.809200000000000159e+02
-4.120000000000000000e+02
-4.176899999999999977e+02
-3.635099999999999909e+02
-2.926600000000000250e+02
-3.840899999999999750e+02
-4.088500000000000227e+02
-2.720600000000000023e+02
-4.904499999999999886e+02
-3.418999999999999773e+02
-2.080200000000000102e+02
