-5.000000000000000000e+02
-5.000000000000000000e+02
-5.000000000000000000e+02
-5.000000000000000000e+02
-5.000000000000000000e+02
-5.000000000000000000e+02
-5.000000000000000000e+02
-5.000000000000000000e+02
-5.000000000000000000e+02
-5.000000000000000000e+02
-4.703199999999999932e+02
-5.000000000000000000e+02
-4.808799999999999955e+02
-3.605600000000000023e+02
-4.907300000000000182e+02
-5.000000000000000000e+02
-1.808600000000000136e+02
-5.000000000000000000e+02
-1.816899999999999977e+02
-1.236599999999999966e+02
