-4.981299999999999955e+02
-5.000000000000000000e+02
-5.000000000000000000e+02
-5.000000000000000000e+02
-5.000000000000000000e+02
-4.968600000000000136e+02
-5.000000000000000000e+02
-5.000000000000000000e+02
-2.513000000000000114e+02
-4.965000000000000000e+02
-4.064300000000000068e+02
-1.376800000000000068e+02
-2.202299999999999898e+02
-5.000000000000000000e+02
-4.433000000000000114e+02
-5.000000000000000000e+02
-5.000000000000000000e+02
-5.000000000000000000e+02
-3.056700000000000159e+02
-1.050100000000000051e+02
