-5.000000000000000000e+02
-5.000000000000000000e+02
-4.972200000000000273e+02
-4.968700000000000045e+02
-5.000000000000000000e+02
-5.000000000000000000e+02
-5.000000000000000000e+02
-4.814300000000000068e+02
-2.452400000000000091e+02
-4.366800000000000068e+02
-4.494300000000000068e+02
-5.000000000000000000e+02
-5.000000000000000000e+02
-4.557300000000000182e+02
-3.069700000000000273e+02
-4.171399999999999864e+02
-3.574100000000000250e+02
-4.220600000000000023e+02
-4.071299999999999955e+02
-4.927400000000000091e+02
