-5.000000000000000000e+02
-5.000000000000000000e+02
-4.970299999999999727e+02
-4.977500000000000000e+02
-4.996999999999999886e+02
-5.000000000000000000e+02
-4.939800000000000182e+02
-4.853100000000000023e+02
-4.242900000000000205e+02
-3.687599999999999909e+02
-3.266600000000000250e+02
-3.170699999999999932e+02
-2.877400000000000091e+02
-2.136500000000000057e+02
-1.782100000000000080e+02
-1.410000000000000000e+02
-1.504000000000000057e+02
-1.505500000000000114e+02
-1.710900000000000034e+02
-1.562599999999999909e+02
