-4.963999999999999773e+02
-5.000000000000000000e+02
-5.000000000000000000e+02
-4.995799999999999841e+02
-5.000000000000000000e+02
-4.998600000000000136e+02
-5.000000000000000000e+02
-5.000000000000000000e+02
-5.000000000000000000e+02
-5.000000000000000000e+02
-4.688199999999999932e+02
-4.708799999999999955e+02
-4.778799999999999955e+02
-3.505500000000000114e+02
-4.925600000000000023e+02
-3.606000000000000227e+02
-3.402099999999999795e+02
-2.307199999999999989e+02
-1.636200000000000045e+02
-4.303899999999999864e+02
