-5.000000000000000000e+02
-5.000000000000000000e+02
-3.796200000000000045e+02
-4.992099999999999795e+02
-4.903799999999999955e+02
-5.000000000000000000e+02
-5.000000000000000000e+02
-3.793899999999999864e+02
-5.000000000000000000e+02
-3.975699999999999932e+02
-3.308600000000000136e+02
-2.214600000000000080e+02
-4.415000000000000000e+02
-5.000000000000000000e+02
-4.968399999999999750e+02
-4.921700000000000159e+02
-4.331299999999999955e+02
-4.898299999999999841e+02
-1.371399999999999864e+02
-3.116499999999999773e+02
