-4.981299999999999955e+02
-5.000000000000000000e+02
-4.986499999999999773e+02
-4.998199999999999932e+02
-4.995699999999999932e+02
-4.423299999999999841e+02
-4.896800000000000068e+02
-4.943199999999999932e+02
-3.388799999999999955e+02
-4.353899999999999864e+02
-4.689800000000000182e+02
-2.371800000000000068e+02
-2.231399999999999864e+02
-2.405999999999999943e+02
-4.132400000000000091e+02
-2.272199999999999989e+02
-2.208799999999999955e+02
-1.999799999999999898e+02
-3.228999999999999773e+02
-2.811700000000000159e+02
