-5.000000000000000000e+02
-4.967799999999999727e+02
-4.737799999999999727e+02
-4.731299999999999955e+02
-4.686499999999999773e+02
-4.187500000000000000e+02
-4.041399999999999864e+02
-4.192500000000000000e+02
-4.609499999999999886e+02
-4.742599999999999909e+02
-3.441700000000000159e+02
-3.956600000000000250e+02
-3.131100000000000136e+02
-4.860000000000000000e+02
-4.608399999999999750e+02
-2.479199999999999875e+02
-3.785400000000000205e+02
-2.312899999999999920e+02
-1.596599999999999966e+02
-4.820400000000000205e+02
