-4.981299999999999955e+02
-5.000000000000000000e+02
-5.000000000000000000e+02
-5.000000000000000000e+02
-4.930199999999999818e+02
-4.561200000000000045e+02
-3.941000000000000227e+02
-4.414900000000000091e+02
-3.938500000000000227e+02
-4.989700000000000273e+02
-4.856299999999999955e+02
-4.339300000000000068e+02
-4.571399999999999864e+02
-3.860199999999999818e+02
-1.823499999999999943e+02
-2.242299999999999898e+02
-1.818899999999999864e+02
-1.856399999999999864e+02
-2.408799999999999955e+02
-4.456600000000000250e+02
